Timestamp,Hand,PosX,PosY,PosZ,RotX,RotY,RotZ,RotW,VelX,VelY,VelZ,AccX,AccY,AccZ,GrabEvent
1.673,Right,1.555,-0.307,-7.079,0.000,1.000,0.000,0.000,0.000,0.000,0.000,0.000,0.000,0.000,"",
1.917,Right,1.555,-0.307,-7.079,0.000,1.000,0.000,0.000,0.000,0.000,0.000,0.000,0.000,0.000,"",
1.941,Right,1.555,-0.307,-7.079,0.000,1.000,0.000,0.000,0.000,0.000,0.000,0.000,0.000,0.000,"",
1.974,Right,1.555,-0.307,-7.079,0.000,1.000,0.000,0.000,0.000,0.000,0.000,0.000,0.000,0.000,"",
2.013,Right,1.555,-0.307,-7.079,0.000,1.000,0.000,0.000,0.000,0.000,0.000,0.000,0.000,0.000,"",
2.041,Right,1.555,-0.307,-7.079,0.000,1.000,0.000,0.000,0.000,0.000,0.000,0.000,0.000,0.000,"",
2.057,Right,1.555,-0.307,-7.079,0.000,1.000,0.000,0.000,0.000,0.000,0.000,0.000,0.000,0.000,"",
2.072,Right,1.555,-0.307,-7.079,0.000,1.000,0.000,0.000,0.000,0.000,0.000,0.000,0.000,0.000,"",
2.087,Right,1.555,-0.307,-7.079,0.000,1.000,0.000,0.000,0.000,0.000,0.000,0.000,0.000,0.000,"",
2.102,Right,1.555,-0.307,-7.079,0.000,1.000,0.000,0.000,0.000,0.000,0.000,0.000,0.000,0.000,"",
2.114,Right,1.555,-0.307,-7.079,0.000,1.000,0.000,0.000,0.000,0.000,0.000,0.000,0.000,0.000,"",
2.128,Right,1.555,-0.307,-7.079,0.000,1.000,0.000,0.000,0.000,0.000,0.000,0.000,0.000,0.000,"",
2.142,Right,1.555,-0.307,-7.079,0.000,1.000,0.000,0.000,0.000,0.000,0.000,0.000,0.000,0.000,"",
2.156,Right,1.555,-0.307,-7.079,0.000,1.000,0.000,0.000,0.000,0.000,0.000,0.000,0.000,0.000,"",
2.169,Right,1.555,-0.307,-7.079,0.000,1.000,0.000,0.000,0.000,0.000,0.000,0.000,0.000,0.000,"",
2.184,Right,1.555,-0.307,-7.079,0.000,1.000,0.000,0.000,0.000,0.000,0.000,0.000,0.000,0.000,"",
2.197,Right,1.555,-0.307,-7.079,0.000,1.000,0.000,0.000,0.000,0.000,0.000,0.000,0.000,0.000,"",
2.211,Right,1.555,-0.307,-7.079,0.000,1.000,0.000,0.000,0.000,0.000,0.000,0.000,0.000,0.000,"",
2.226,Right,1.555,-0.307,-7.079,0.000,1.000,0.000,0.000,0.000,0.000,0.000,0.000,0.000,0.000,"",
2.240,Right,1.555,-0.307,-7.079,0.000,1.000,0.000,0.000,0.000,0.000,0.000,0.000,0.000,0.000,"",
2.253,Right,1.555,-0.307,-7.079,0.000,1.000,0.000,0.000,0.000,0.000,0.000,0.000,0.000,0.000,"",
2.267,Right,1.555,-0.307,-7.079,0.000,1.000,0.000,0.000,0.000,0.000,0.000,0.000,0.000,0.000,"",
2.281,Right,1.555,-0.307,-7.079,0.000,1.000,0.000,0.000,0.000,0.000,0.000,0.000,0.000,0.000,"",
2.295,Right,1.555,-0.307,-7.079,0.000,1.000,0.000,0.000,0.000,0.000,0.000,0.000,0.000,0.000,"",
2.308,Right,1.555,-0.307,-7.079,0.000,1.000,0.000,0.000,0.000,0.000,0.000,0.000,0.000,0.000,"",
2.322,Right,1.555,-0.307,-7.079,0.000,1.000,0.000,0.000,0.000,0.000,0.000,0.000,0.000,0.000,"",
2.337,Right,1.555,-0.307,-7.079,0.000,1.000,0.000,0.000,0.000,0.000,0.000,0.000,0.000,0.000,"",
2.350,Right,1.555,-0.307,-7.079,0.000,1.000,0.000,0.000,0.000,0.000,0.000,0.000,0.000,0.000,"",
2.365,Right,1.555,-0.307,-7.079,0.000,1.000,0.000,0.000,0.000,0.000,0.000,0.000,0.000,0.000,"",
2.378,Right,1.555,-0.307,-7.079,0.000,1.000,0.000,0.000,0.000,0.000,0.000,0.000,0.000,0.000,"",
2.392,Right,1.555,-0.307,-7.079,0.000,1.000,0.000,0.000,0.000,0.000,0.000,0.000,0.000,0.000,"",
2.406,Right,1.555,-0.307,-7.079,0.000,1.000,0.000,0.000,0.000,0.000,0.000,0.000,0.000,0.000,"",
2.422,Right,1.555,-0.307,-7.079,0.000,1.000,0.000,0.000,0.000,0.000,0.000,0.000,0.000,0.000,"",
2.435,Right,1.555,-0.307,-7.079,0.000,1.000,0.000,0.000,0.000,0.000,0.000,0.000,0.000,0.000,"",
2.448,Right,1.555,-0.307,-7.079,0.000,1.000,0.000,0.000,0.000,0.000,0.000,0.000,0.000,0.000,"",
2.462,Right,1.555,-0.307,-7.079,0.000,1.000,0.000,0.000,0.000,0.000,0.000,0.000,0.000,0.000,"",
2.476,Right,1.555,-0.307,-7.079,0.000,1.000,0.000,0.000,0.000,0.000,0.000,0.000,0.000,0.000,"",
2.489,Right,1.555,-0.307,-7.079,0.000,1.000,0.000,0.000,0.000,0.000,0.000,0.000,0.000,0.000,"",
2.503,Right,1.555,-0.307,-7.079,0.000,1.000,0.000,0.000,0.000,0.000,0.000,0.000,0.000,0.000,"",
2.517,Right,1.555,-0.307,-7.079,0.000,1.000,0.000,0.000,0.000,0.000,0.000,0.000,0.000,0.000,"",
2.531,Right,1.555,-0.307,-7.079,0.000,1.000,0.000,0.000,0.000,0.000,0.000,0.000,0.000,0.000,"",
2.545,Right,1.555,-0.307,-7.079,0.000,1.000,0.000,0.000,0.000,0.000,0.000,0.000,0.000,0.000,"",
2.559,Right,1.555,-0.307,-7.079,0.000,1.000,0.000,0.000,0.000,0.000,0.000,0.000,0.000,0.000,"",
2.572,Right,1.555,-0.307,-7.079,0.000,1.000,0.000,0.000,0.000,0.000,0.000,0.000,0.000,0.000,"",
2.586,Right,1.555,-0.307,-7.079,0.000,1.000,0.000,0.000,0.000,0.000,0.000,0.000,0.000,0.000,"",
2.600,Right,1.555,-0.307,-7.079,0.000,1.000,0.000,0.000,0.000,0.000,0.000,0.000,0.000,0.000,"",
2.615,Right,1.555,-0.307,-7.079,0.000,1.000,0.000,0.000,0.000,0.000,0.000,0.000,0.000,0.000,"",
2.628,Right,1.555,-0.307,-7.079,0.000,1.000,0.000,0.000,0.000,0.000,0.000,0.000,0.000,0.000,"",
2.643,Right,1.555,-0.307,-7.079,0.000,1.000,0.000,0.000,0.000,0.000,0.000,0.000,0.000,0.000,"",
2.657,Right,1.555,-0.307,-7.079,0.000,1.000,0.000,0.000,0.000,0.000,0.000,0.000,0.000,0.000,"",
2.670,Right,1.555,-0.307,-7.079,0.000,1.000,0.000,0.000,0.000,0.000,0.000,0.000,0.000,0.000,"",
2.685,Right,1.555,-0.307,-7.079,0.000,1.000,0.000,0.000,0.000,0.000,0.000,0.000,0.000,0.000,"",
2.698,Right,1.555,-0.307,-7.079,0.000,1.000,0.000,0.000,0.000,0.000,0.000,0.000,0.000,0.000,"",
2.712,Right,1.555,-0.307,-7.079,0.000,1.000,0.000,0.000,0.000,0.000,0.000,0.000,0.000,0.000,"",
2.726,Right,1.555,-0.307,-7.079,0.000,1.000,0.000,0.000,0.000,0.000,0.000,0.000,0.000,0.000,"",
2.740,Right,1.555,-0.307,-7.079,0.000,1.000,0.000,0.000,0.000,0.000,0.000,0.000,0.000,0.000,"",
2.753,Right,1.555,-0.307,-7.079,0.000,1.000,0.000,0.000,0.000,0.000,0.000,0.000,0.000,0.000,"",
2.768,Right,1.555,-0.307,-7.079,0.000,1.000,0.000,0.000,0.000,0.000,0.000,0.000,0.000,0.000,"",
2.782,Right,1.555,-0.307,-7.079,0.000,1.000,0.000,0.000,0.000,0.000,0.000,0.000,0.000,0.000,"",
2.795,Right,1.555,-0.307,-7.079,0.000,1.000,0.000,0.000,0.000,0.000,0.000,0.000,0.000,0.000,"",
2.809,Right,1.555,-0.307,-7.079,0.000,1.000,0.000,0.000,0.000,0.000,0.000,0.000,0.000,0.000,"",
2.823,Right,1.555,-0.307,-7.079,0.000,1.000,0.000,0.000,0.000,0.000,0.000,0.000,0.000,0.000,"",
2.837,Right,1.555,-0.307,-7.079,0.000,1.000,0.000,0.000,0.000,0.000,0.000,0.000,0.000,0.000,"",
2.851,Right,1.555,-0.307,-7.079,0.000,1.000,0.000,0.000,0.000,0.000,0.000,0.000,0.000,0.000,"",
2.868,Right,1.555,-0.307,-7.079,0.000,1.000,0.000,0.000,0.000,0.000,0.000,0.000,0.000,0.000,"",
2.879,Right,1.555,-0.307,-7.079,0.000,1.000,0.000,0.000,0.000,0.000,0.000,0.000,0.000,0.000,"",
2.893,Right,1.555,-0.307,-7.079,0.000,1.000,0.000,0.000,0.000,0.000,0.000,0.000,0.000,0.000,"",
2.907,Right,1.555,-0.307,-7.079,0.000,1.000,0.000,0.000,0.000,0.000,0.000,0.000,0.000,0.000,"",
2.920,Right,1.555,-0.307,-7.079,0.000,1.000,0.000,0.000,0.000,0.000,0.000,0.000,0.000,0.000,"",
2.934,Right,1.555,-0.307,-7.079,0.000,1.000,0.000,0.000,0.000,0.000,0.000,0.000,0.000,0.000,"",
2.948,Right,1.555,-0.307,-7.079,0.000,1.000,0.000,0.000,0.000,0.000,0.000,0.000,0.000,0.000,"",
2.962,Right,1.555,-0.307,-7.079,0.000,1.000,0.000,0.000,0.000,0.000,0.000,0.000,0.000,0.000,"",
2.976,Right,1.555,-0.307,-7.079,0.000,1.000,0.000,0.000,0.000,0.000,0.000,0.000,0.000,0.000,"",
2.990,Right,1.555,-0.307,-7.079,0.000,1.000,0.000,0.000,0.000,0.000,0.000,0.000,0.000,0.000,"",
3.004,Right,1.555,-0.307,-7.079,0.000,1.000,0.000,0.000,0.000,0.000,0.000,0.000,0.000,0.000,"",
3.018,Right,1.555,-0.307,-7.079,0.000,1.000,0.000,0.000,0.000,0.000,0.000,0.000,0.000,0.000,"",
3.032,Right,1.555,-0.307,-7.079,0.000,1.000,0.000,0.000,0.000,0.000,0.000,0.000,0.000,0.000,"",
3.046,Right,1.555,-0.307,-7.079,0.000,1.000,0.000,0.000,0.000,0.000,0.000,0.000,0.000,0.000,"",
3.060,Right,1.555,-0.307,-7.079,0.000,1.000,0.000,0.000,0.000,0.000,0.000,0.000,0.000,0.000,"",
3.073,Right,1.555,-0.307,-7.079,0.000,1.000,0.000,0.000,0.000,0.000,0.000,0.000,0.000,0.000,"",
3.088,Right,1.555,-0.307,-7.079,0.000,1.000,0.000,0.000,0.000,0.000,0.000,0.000,0.000,0.000,"",
3.101,Right,1.555,-0.307,-7.079,0.000,1.000,0.000,0.000,0.000,0.000,0.000,0.000,0.000,0.000,"",
3.115,Right,1.555,-0.307,-7.079,0.000,1.000,0.000,0.000,0.000,0.000,0.000,0.000,0.000,0.000,"",
3.129,Right,1.555,-0.307,-7.079,0.000,1.000,0.000,0.000,0.000,0.000,0.000,0.000,0.000,0.000,"",
3.144,Right,1.555,-0.307,-7.079,0.000,1.000,0.000,0.000,0.000,0.000,0.000,0.000,0.000,0.000,"",
3.157,Right,1.555,-0.307,-7.079,0.000,1.000,0.000,0.000,0.000,0.000,0.000,0.000,0.000,0.000,"",
3.170,Right,1.555,-0.307,-7.079,0.000,1.000,0.000,0.000,0.000,0.000,0.000,0.000,0.000,0.000,"",
3.185,Right,1.555,-0.307,-7.079,0.000,1.000,0.000,0.000,0.000,0.000,0.000,0.000,0.000,0.000,"",
3.199,Right,1.555,-0.307,-7.079,0.000,1.000,0.000,0.000,0.000,0.000,0.000,0.000,0.000,0.000,"",
3.212,Right,1.555,-0.307,-7.079,0.000,1.000,0.000,0.000,0.000,0.000,0.000,0.000,0.000,0.000,"",
3.227,Right,1.555,-0.307,-7.079,0.000,1.000,0.000,0.000,0.000,0.000,0.000,0.000,0.000,0.000,"",
3.240,Right,1.555,-0.307,-7.079,0.000,1.000,0.000,0.000,0.000,0.000,0.000,0.000,0.000,0.000,"",
3.254,Right,1.555,-0.307,-7.079,0.000,1.000,0.000,0.000,0.000,0.000,0.000,0.000,0.000,0.000,"",
3.268,Right,1.555,-0.307,-7.079,0.000,1.000,0.000,0.000,0.000,0.000,0.000,0.000,0.000,0.000,"",
3.282,Right,1.555,-0.307,-7.079,0.000,1.000,0.000,0.000,0.000,0.000,0.000,0.000,0.000,0.000,"",
3.296,Right,1.555,-0.307,-7.079,0.000,1.000,0.000,0.000,0.000,0.000,0.000,0.000,0.000,0.000,"",
3.310,Right,1.555,-0.307,-7.079,0.000,1.000,0.000,0.000,0.000,0.000,0.000,0.000,0.000,0.000,"",
3.324,Right,1.555,-0.307,-7.079,0.000,1.000,0.000,0.000,0.000,0.000,0.000,0.000,0.000,0.000,"",
3.338,Right,1.555,-0.307,-7.079,0.000,1.000,0.000,0.000,0.000,0.000,0.000,0.000,0.000,0.000,"",
3.351,Right,1.555,-0.307,-7.079,0.000,1.000,0.000,0.000,0.000,0.000,0.000,0.000,0.000,0.000,"",
3.366,Right,1.555,-0.307,-7.079,0.000,1.000,0.000,0.000,0.000,0.000,0.000,0.000,0.000,0.000,"",
3.380,Right,1.555,-0.307,-7.079,0.000,1.000,0.000,0.000,0.000,0.000,0.000,0.000,0.000,0.000,"",
3.393,Right,1.555,-0.307,-7.079,0.000,1.000,0.000,0.000,0.000,0.000,0.000,0.000,0.000,0.000,"",
3.407,Right,1.555,-0.307,-7.079,0.000,1.000,0.000,0.000,0.000,0.000,0.000,0.000,0.000,0.000,"",
3.421,Right,1.555,-0.307,-7.079,0.000,1.000,0.000,0.000,0.000,0.000,0.000,0.000,0.000,0.000,"",
3.436,Right,1.555,-0.307,-7.079,0.000,1.000,0.000,0.000,0.000,0.000,0.000,0.000,0.000,0.000,"",
3.449,Right,1.555,-0.307,-7.079,0.000,1.000,0.000,0.000,0.000,0.000,0.000,0.000,0.000,0.000,"",
3.463,Right,1.555,-0.307,-7.079,0.000,1.000,0.000,0.000,0.000,0.000,0.000,0.000,0.000,0.000,"",
3.478,Right,1.555,-0.307,-7.079,0.000,1.000,0.000,0.000,0.000,0.000,0.000,0.000,0.000,0.000,"",
3.491,Right,1.555,-0.307,-7.079,0.000,1.000,0.000,0.000,0.000,0.000,0.000,0.000,0.000,0.000,"",
3.505,Right,1.555,-0.307,-7.079,0.000,1.000,0.000,0.000,0.000,0.000,0.000,0.000,0.000,0.000,"",
3.519,Right,1.555,-0.307,-7.079,0.000,1.000,0.000,0.000,0.000,0.000,0.000,0.000,0.000,0.000,"",
3.532,Right,1.555,-0.307,-7.079,0.000,1.000,0.000,0.000,0.000,0.000,0.000,0.000,0.000,0.000,"",
3.547,Right,1.555,-0.307,-7.079,0.000,1.000,0.000,0.000,0.000,0.000,0.000,0.000,0.000,0.000,"",
3.561,Right,1.555,-0.307,-7.079,0.000,1.000,0.000,0.000,0.000,0.000,0.000,0.000,0.000,0.000,"",
3.574,Right,1.555,-0.307,-7.079,0.000,1.000,0.000,0.000,0.000,0.000,0.000,0.000,0.000,0.000,"",
3.587,Right,1.555,-0.307,-7.079,0.000,1.000,0.000,0.000,0.000,0.000,0.000,0.000,0.000,0.000,"",
3.602,Right,1.555,-0.307,-7.079,0.000,1.000,0.000,0.000,0.000,0.000,0.000,0.000,0.000,0.000,"",
3.617,Right,1.555,-0.307,-7.079,0.000,1.000,0.000,0.000,0.000,0.000,0.000,0.000,0.000,0.000,"",
3.630,Right,1.555,-0.307,-7.079,0.000,1.000,0.000,0.000,0.000,0.000,0.000,0.000,0.000,0.000,"",
3.644,Right,1.555,-0.307,-7.079,0.000,1.000,0.000,0.000,0.000,0.000,0.000,0.000,0.000,0.000,"",
3.657,Right,1.555,-0.307,-7.079,0.000,1.000,0.000,0.000,0.000,0.000,0.000,0.000,0.000,0.000,"",
3.671,Right,1.555,-0.307,-7.079,0.000,1.000,0.000,0.000,0.000,0.000,0.000,0.000,0.000,0.000,"",
3.686,Right,1.555,-0.307,-7.079,0.000,1.000,0.000,0.000,0.000,0.000,0.000,0.000,0.000,0.000,"",
3.700,Right,1.555,-0.307,-7.079,0.000,1.000,0.000,0.000,0.000,0.000,0.000,0.000,0.000,0.000,"",
3.713,Right,1.555,-0.307,-7.079,0.000,1.000,0.000,0.000,0.000,0.000,0.000,0.000,0.000,0.000,"",
3.727,Right,1.555,-0.307,-7.079,0.000,1.000,0.000,0.000,0.000,0.000,0.000,0.000,0.000,0.000,"",
3.741,Right,1.555,-0.307,-7.079,0.000,1.000,0.000,0.000,0.000,0.000,0.000,0.000,0.000,0.000,"",
3.755,Right,1.555,-0.307,-7.079,0.000,1.000,0.000,0.000,0.000,0.000,0.000,0.000,0.000,0.000,"",
3.769,Right,1.555,-0.307,-7.079,0.000,1.000,0.000,0.000,0.000,0.000,0.000,0.000,0.000,0.000,"",
3.783,Right,1.555,-0.307,-7.079,0.000,1.000,0.000,0.000,0.000,0.000,0.000,0.000,0.000,0.000,"",
3.797,Right,1.555,-0.307,-7.079,0.000,1.000,0.000,0.000,0.000,0.000,0.000,0.000,0.000,0.000,"",
3.810,Right,1.555,-0.307,-7.079,0.000,1.000,0.000,0.000,0.000,0.000,0.000,0.000,0.000,0.000,"",
3.825,Right,1.555,-0.307,-7.079,0.000,1.000,0.000,0.000,0.000,0.000,0.000,0.000,0.000,0.000,"",
3.839,Right,1.555,-0.307,-7.079,0.000,1.000,0.000,0.000,0.000,0.000,0.000,0.000,0.000,0.000,"",
3.852,Right,1.555,-0.307,-7.079,0.000,1.000,0.000,0.000,0.000,0.000,0.000,0.000,0.000,0.000,"",
3.866,Right,1.555,-0.307,-7.079,0.000,1.000,0.000,0.000,0.000,0.000,0.000,0.000,0.000,0.000,"",
3.880,Right,1.555,-0.307,-7.079,0.000,1.000,0.000,0.000,0.000,0.000,0.000,0.000,0.000,0.000,"",
3.894,Right,1.555,-0.307,-7.079,0.000,1.000,0.000,0.000,0.000,0.000,0.000,0.000,0.000,0.000,"",
3.907,Right,1.555,-0.307,-7.079,0.000,1.000,0.000,0.000,0.000,0.000,0.000,0.000,0.000,0.000,"",
3.922,Right,1.555,-0.307,-7.079,0.000,1.000,0.000,0.000,0.000,0.000,0.000,0.000,0.000,0.000,"",
3.936,Right,1.555,-0.307,-7.079,0.000,1.000,0.000,0.000,0.000,0.000,0.000,0.000,0.000,0.000,"",
3.949,Right,1.555,-0.307,-7.079,0.000,1.000,0.000,0.000,0.000,0.000,0.000,0.000,0.000,0.000,"",
3.964,Right,1.555,-0.307,-7.079,0.000,1.000,0.000,0.000,0.000,0.000,0.000,0.000,0.000,0.000,"",
3.979,Right,1.555,-0.307,-7.079,0.000,1.000,0.000,0.000,0.000,0.000,0.000,0.000,0.000,0.000,"",
3.991,Right,1.555,-0.307,-7.079,0.000,1.000,0.000,0.000,0.000,0.000,0.000,0.000,0.000,0.000,"",
4.006,Right,1.555,-0.307,-7.079,0.000,1.000,0.000,0.000,0.000,0.000,0.000,0.000,0.000,0.000,"",
4.019,Right,1.555,-0.307,-7.079,0.000,1.000,0.000,0.000,0.000,0.000,0.000,0.000,0.000,0.000,"",
4.033,Right,1.555,-0.307,-7.079,0.000,1.000,0.000,0.000,0.000,0.000,0.000,0.000,0.000,0.000,"",
4.047,Right,1.555,-0.307,-7.079,0.000,1.000,0.000,0.000,0.000,0.000,0.000,0.000,0.000,0.000,"",
4.061,Right,1.555,-0.307,-7.079,0.000,1.000,0.000,0.000,0.000,0.000,0.000,0.000,0.000,0.000,"",
4.075,Right,1.555,-0.307,-7.079,0.000,1.000,0.000,0.000,0.000,0.000,0.000,0.000,0.000,0.000,"",
4.089,Right,1.555,-0.307,-7.079,0.000,1.000,0.000,0.000,0.000,0.000,0.000,0.000,0.000,0.000,"",
4.103,Right,1.555,-0.307,-7.079,0.000,1.000,0.000,0.000,0.000,0.000,0.000,0.000,0.000,0.000,"",
4.118,Right,1.555,-0.307,-7.079,0.000,1.000,0.000,0.000,0.000,0.000,0.000,0.000,0.000,0.000,"",
4.130,Right,1.555,-0.307,-7.079,0.000,1.000,0.000,0.000,0.000,0.000,0.000,0.000,0.000,0.000,"",
4.145,Right,1.555,-0.307,-7.079,0.000,1.000,0.000,0.000,0.000,0.000,0.000,0.000,0.000,0.000,"",
4.158,Right,1.555,-0.307,-7.079,0.000,1.000,0.000,0.000,0.000,0.000,0.000,0.000,0.000,0.000,"",
4.172,Right,1.555,-0.307,-7.079,0.000,1.000,0.000,0.000,0.000,0.000,0.000,0.000,0.000,0.000,"",
4.187,Right,1.555,-0.307,-7.079,0.000,1.000,0.000,0.000,0.000,0.000,0.000,0.000,0.000,0.000,"",
4.201,Right,1.555,-0.307,-7.079,0.000,1.000,0.000,0.000,0.000,0.000,0.000,0.000,0.000,0.000,"",
4.214,Right,1.555,-0.307,-7.079,0.000,1.000,0.000,0.000,0.000,0.000,0.000,0.000,0.000,0.000,"",
4.228,Right,1.555,-0.307,-7.079,0.000,1.000,0.000,0.000,0.000,0.000,0.000,0.000,0.000,0.000,"",
4.242,Right,1.555,-0.307,-7.079,0.000,1.000,0.000,0.000,0.000,0.000,0.000,0.000,0.000,0.000,"",
4.256,Right,1.555,-0.307,-7.079,0.000,1.000,0.000,0.000,0.000,0.000,0.000,0.000,0.000,0.000,"",
4.269,Right,1.555,-0.307,-7.079,0.000,1.000,0.000,0.000,0.000,0.000,0.000,0.000,0.000,0.000,"",
4.284,Right,1.555,-0.307,-7.079,0.000,1.000,0.000,0.000,0.000,0.000,0.000,0.000,0.000,0.000,"",
4.298,Right,1.555,-0.307,-7.079,0.000,1.000,0.000,0.000,0.000,0.000,0.000,0.000,0.000,0.000,"",
4.311,Right,1.555,-0.307,-7.079,0.000,1.000,0.000,0.000,0.000,0.000,0.000,0.000,0.000,0.000,"",
4.325,Right,1.555,-0.307,-7.079,0.000,1.000,0.000,0.000,0.000,0.000,0.000,0.000,0.000,0.000,"",
4.339,Right,1.555,-0.307,-7.079,0.000,1.000,0.000,0.000,0.000,0.000,0.000,0.000,0.000,0.000,"",
4.353,Right,1.555,-0.307,-7.079,0.000,1.000,0.000,0.000,0.000,0.000,0.000,0.000,0.000,0.000,"",
4.367,Right,1.555,-0.307,-7.079,0.000,1.000,0.000,0.000,0.000,0.000,0.000,0.000,0.000,0.000,"",
4.381,Right,1.555,-0.307,-7.079,0.000,1.000,0.000,0.000,0.000,0.000,0.000,0.000,0.000,0.000,"",
4.395,Right,1.555,-0.307,-7.079,0.000,1.000,0.000,0.000,0.000,0.000,0.000,0.000,0.000,0.000,"",
4.408,Right,1.555,-0.307,-7.079,0.000,1.000,0.000,0.000,0.000,0.000,0.000,0.000,0.000,0.000,"",
4.422,Right,1.555,-0.307,-7.079,0.000,1.000,0.000,0.000,0.000,0.000,0.000,0.000,0.000,0.000,"",
4.436,Right,1.555,-0.307,-7.079,0.000,1.000,0.000,0.000,0.000,0.000,0.000,0.000,0.000,0.000,"",
4.450,Right,1.555,-0.307,-7.079,0.000,1.000,0.000,0.000,0.000,0.000,0.000,0.000,0.000,0.000,"",
4.464,Right,1.555,-0.307,-7.079,0.000,1.000,0.000,0.000,0.000,0.000,0.000,0.000,0.000,0.000,"",
4.478,Right,1.555,-0.307,-7.079,0.000,1.000,0.000,0.000,0.000,0.000,0.000,0.000,0.000,0.000,"",
4.491,Right,1.555,-0.307,-7.079,0.000,1.000,0.000,0.000,0.000,0.000,0.000,0.000,0.000,0.000,"",
4.506,Right,1.555,-0.307,-7.079,0.000,1.000,0.000,0.000,0.000,0.000,0.000,0.000,0.000,0.000,"",
4.520,Right,1.555,-0.307,-7.079,0.000,1.000,0.000,0.000,0.000,0.000,0.000,0.000,0.000,0.000,"",
4.534,Right,1.555,-0.307,-7.079,0.000,1.000,0.000,0.000,0.000,0.000,0.000,0.000,0.000,0.000,"",
4.548,Right,1.555,-0.307,-7.079,0.000,1.000,0.000,0.000,0.000,0.000,0.000,0.000,0.000,0.000,"",
4.561,Right,1.555,-0.307,-7.079,0.000,1.000,0.000,0.000,0.000,0.000,0.000,0.000,0.000,0.000,"",
4.575,Right,1.555,-0.307,-7.079,0.000,1.000,0.000,0.000,0.000,0.000,0.000,0.000,0.000,0.000,"",
4.589,Right,1.555,-0.307,-7.079,0.000,1.000,0.000,0.000,0.000,0.000,0.000,0.000,0.000,0.000,"",
4.604,Right,1.555,-0.307,-7.079,0.000,1.000,0.000,0.000,0.000,0.000,0.000,0.000,0.000,0.000,"",
4.617,Right,1.555,-0.307,-7.079,0.000,1.000,0.000,0.000,0.000,0.000,0.000,0.000,0.000,0.000,"",
4.630,Right,1.555,-0.307,-7.079,0.000,1.000,0.000,0.000,0.000,0.000,0.000,0.000,0.000,0.000,"",
4.645,Right,1.555,-0.307,-7.079,0.000,1.000,0.000,0.000,0.000,0.000,0.000,0.000,0.000,0.000,"",
4.659,Right,1.555,-0.307,-7.079,0.000,1.000,0.000,0.000,0.000,0.000,0.000,0.000,0.000,0.000,"",
4.672,Right,1.555,-0.307,-7.079,0.000,1.000,0.000,0.000,0.000,0.000,0.000,0.000,0.000,0.000,"",
4.687,Right,1.555,-0.307,-7.079,0.000,1.000,0.000,0.000,0.000,0.000,0.000,0.000,0.000,0.000,"",
4.700,Right,1.555,-0.307,-7.079,0.000,1.000,0.000,0.000,0.000,0.000,0.000,0.000,0.000,0.000,"",
4.714,Right,1.555,-0.307,-7.079,0.000,1.000,0.000,0.000,0.000,0.000,0.000,0.000,0.000,0.000,"",
4.729,Right,1.555,-0.307,-7.079,0.000,1.000,0.000,0.000,0.000,0.000,0.000,0.000,0.000,0.000,"",
4.743,Right,1.555,-0.307,-7.079,0.000,1.000,0.000,0.000,0.000,0.000,0.000,0.000,0.000,0.000,"",
4.756,Right,1.555,-0.307,-7.079,0.000,1.000,0.000,0.000,0.000,0.000,0.000,0.000,0.000,0.000,"",
4.771,Right,1.555,-0.307,-7.079,0.000,1.000,0.000,0.000,0.000,0.000,0.000,0.000,0.000,0.000,"",
4.784,Right,1.555,-0.307,-7.079,0.000,1.000,0.000,0.000,0.000,0.000,0.000,0.000,0.000,0.000,"",
4.798,Right,1.555,-0.307,-7.079,0.000,1.000,0.000,0.000,0.000,0.000,0.000,0.000,0.000,0.000,"",
4.811,Right,1.555,-0.307,-7.079,0.000,1.000,0.000,0.000,0.000,0.000,0.000,0.000,0.000,0.000,"",
4.825,Right,1.555,-0.307,-7.079,0.000,1.000,0.000,0.000,0.000,0.000,0.000,0.000,0.000,0.000,"",
4.839,Right,1.555,-0.307,-7.079,0.000,1.000,0.000,0.000,0.000,0.000,0.000,0.000,0.000,0.000,"",
4.853,Right,1.555,-0.307,-7.079,0.000,1.000,0.000,0.000,0.000,0.000,0.000,0.000,0.000,0.000,"",
4.868,Right,1.555,-0.307,-7.079,0.000,1.000,0.000,0.000,0.000,0.000,0.000,0.000,0.000,0.000,"",
4.881,Right,1.555,-0.307,-7.079,0.000,1.000,0.000,0.000,0.000,0.000,0.000,0.000,0.000,0.000,"",
4.895,Right,1.555,-0.307,-7.079,0.000,1.000,0.000,0.000,0.000,0.000,0.000,0.000,0.000,0.000,"",
4.909,Right,1.555,-0.307,-7.079,0.000,1.000,0.000,0.000,0.000,0.000,0.000,0.000,0.000,0.000,"",
4.923,Right,1.555,-0.307,-7.079,0.000,1.000,0.000,0.000,0.000,0.000,0.000,0.000,0.000,0.000,"",
4.937,Right,1.555,-0.307,-7.079,0.000,1.000,0.000,0.000,0.000,0.000,0.000,0.000,0.000,0.000,"",
4.950,Right,1.555,-0.307,-7.079,0.000,1.000,0.000,0.000,0.000,0.000,0.000,0.000,0.000,0.000,"",
4.965,Right,1.555,-0.307,-7.079,0.000,1.000,0.000,0.000,0.000,0.000,0.000,0.000,0.000,0.000,"",
4.979,Right,1.555,-0.307,-7.079,0.000,1.000,0.000,0.000,0.000,0.000,0.000,0.000,0.000,0.000,"",
4.993,Right,1.555,-0.307,-7.079,0.000,1.000,0.000,0.000,0.000,0.000,0.000,0.000,0.000,0.000,"",
5.007,Right,1.555,-0.307,-7.079,0.000,1.000,0.000,0.000,0.000,0.000,0.000,0.000,0.000,0.000,"",
5.021,Right,1.555,-0.307,-7.079,0.000,1.000,0.000,0.000,0.000,0.000,0.000,0.000,0.000,0.000,"",
5.035,Right,1.555,-0.307,-7.079,0.000,1.000,0.000,0.000,0.000,0.000,0.000,0.000,0.000,0.000,"",
5.048,Right,1.555,-0.307,-7.079,0.000,1.000,0.000,0.000,0.000,0.000,0.000,0.000,0.000,0.000,"",
5.062,Right,1.555,-0.307,-7.079,0.000,1.000,0.000,0.000,0.000,0.000,0.000,0.000,0.000,0.000,"",
5.076,Right,1.555,-0.307,-7.079,0.000,1.000,0.000,0.000,0.000,0.000,0.000,0.000,0.000,0.000,"",
5.089,Right,1.555,-0.307,-7.079,0.000,1.000,0.000,0.000,0.000,0.000,0.000,0.000,0.000,0.000,"",
5.103,Right,1.555,-0.307,-7.079,0.000,1.000,0.000,0.000,0.000,0.000,0.000,0.000,0.000,0.000,"",
5.117,Right,1.555,-0.307,-7.079,0.000,1.000,0.000,0.000,0.000,0.000,0.000,0.000,0.000,0.000,"",
5.131,Right,1.555,-0.307,-7.079,0.000,1.000,0.000,0.000,0.000,0.000,0.000,0.000,0.000,0.000,"",
5.146,Right,1.555,-0.307,-7.079,0.000,1.000,0.000,0.000,0.000,0.000,0.000,0.000,0.000,0.000,"",
5.160,Right,1.555,-0.307,-7.079,0.000,1.000,0.000,0.000,0.000,0.000,0.000,0.000,0.000,0.000,"",
5.172,Right,1.555,-0.307,-7.079,0.000,1.000,0.000,0.000,0.000,0.000,0.000,0.000,0.000,0.000,"",
5.186,Right,1.555,-0.307,-7.079,0.000,1.000,0.000,0.000,0.000,0.000,0.000,0.000,0.000,0.000,"",
5.201,Right,1.555,-0.307,-7.079,0.000,1.000,0.000,0.000,0.000,0.000,0.000,0.000,0.000,0.000,"",
5.214,Right,1.555,-0.307,-7.079,0.000,1.000,0.000,0.000,0.000,0.000,0.000,0.000,0.000,0.000,"",
5.228,Right,1.555,-0.307,-7.079,0.000,1.000,0.000,0.000,0.000,0.000,0.000,0.000,0.000,0.000,"",
5.243,Right,1.555,-0.307,-7.079,0.000,1.000,0.000,0.000,0.000,0.000,0.000,0.000,0.000,0.000,"",
5.257,Right,1.555,-0.307,-7.079,0.000,1.000,0.000,0.000,0.000,0.000,0.000,0.000,0.000,0.000,"",
5.270,Right,1.555,-0.307,-7.079,0.000,1.000,0.000,0.000,0.000,0.000,0.000,0.000,0.000,0.000,"",
5.284,Right,1.555,-0.307,-7.079,0.000,1.000,0.000,0.000,0.000,0.000,0.000,0.000,0.000,0.000,"",
5.298,Right,1.555,-0.307,-7.079,0.000,1.000,0.000,0.000,0.000,0.000,0.000,0.000,0.000,0.000,"",
5.312,Right,1.555,-0.307,-7.079,0.000,1.000,0.000,0.000,0.000,0.000,0.000,0.000,0.000,0.000,"",
5.326,Right,1.555,-0.307,-7.079,0.000,1.000,0.000,0.000,0.000,0.000,0.000,0.000,0.000,0.000,"",
5.340,Right,1.555,-0.307,-7.079,0.000,1.000,0.000,0.000,0.000,0.000,0.000,0.000,0.000,0.000,"",
5.353,Right,1.555,-0.307,-7.079,0.000,1.000,0.000,0.000,0.000,0.000,0.000,0.000,0.000,0.000,"",
5.367,Right,1.555,-0.307,-7.079,0.000,1.000,0.000,0.000,0.000,0.000,0.000,0.000,0.000,0.000,"",
5.381,Right,1.555,-0.307,-7.079,0.000,1.000,0.000,0.000,0.000,0.000,0.000,0.000,0.000,0.000,"",
5.395,Right,1.555,-0.307,-7.079,0.000,1.000,0.000,0.000,0.000,0.000,0.000,0.000,0.000,0.000,"",
5.409,Right,1.555,-0.307,-7.079,0.000,1.000,0.000,0.000,0.000,0.000,0.000,0.000,0.000,0.000,"",
5.423,Right,1.555,-0.307,-7.079,0.000,1.000,0.000,0.000,0.000,0.000,0.000,0.000,0.000,0.000,"",
5.437,Right,1.555,-0.307,-7.079,0.000,1.000,0.000,0.000,0.000,0.000,0.000,0.000,0.000,0.000,"",
5.450,Right,1.555,-0.307,-7.079,0.000,1.000,0.000,0.000,0.000,0.000,0.000,0.000,0.000,0.000,"",
5.464,Right,1.555,-0.307,-7.079,0.000,1.000,0.000,0.000,0.000,0.000,0.000,0.000,0.000,0.000,"",
5.478,Right,1.555,-0.307,-7.079,0.000,1.000,0.000,0.000,0.000,0.000,0.000,0.000,0.000,0.000,"",
5.492,Right,1.555,-0.307,-7.079,0.000,1.000,0.000,0.000,0.000,0.000,0.000,0.000,0.000,0.000,"",
5.506,Right,1.555,-0.307,-7.079,0.000,1.000,0.000,0.000,0.000,0.000,0.000,0.000,0.000,0.000,"",
5.520,Right,1.555,-0.307,-7.079,0.000,1.000,0.000,0.000,0.000,0.000,0.000,0.000,0.000,0.000,"",
5.534,Right,1.555,-0.307,-7.079,0.000,1.000,0.000,0.000,0.000,0.000,0.000,0.000,0.000,0.000,"",
5.547,Right,1.555,-0.307,-7.079,0.000,1.000,0.000,0.000,0.000,0.000,0.000,0.000,0.000,0.000,"",
5.562,Right,1.555,-0.307,-7.079,0.000,1.000,0.000,0.000,0.000,0.000,0.000,0.000,0.000,0.000,"",
5.576,Right,1.555,-0.307,-7.079,0.000,1.000,0.000,0.000,0.000,0.000,0.000,0.000,0.000,0.000,"",
5.589,Right,1.555,-0.307,-7.079,0.000,1.000,0.000,0.000,0.000,0.000,0.000,0.000,0.000,0.000,"",
5.604,Right,1.555,-0.307,-7.079,0.000,1.000,0.000,0.000,0.000,0.000,0.000,0.000,0.000,0.000,"",
5.618,Right,1.555,-0.307,-7.079,0.000,1.000,0.000,0.000,0.000,0.000,0.000,0.000,0.000,0.000,"",
5.631,Right,1.555,-0.307,-7.079,0.000,1.000,0.000,0.000,0.000,0.000,0.000,0.000,0.000,0.000,"",
5.646,Right,1.555,-0.307,-7.079,0.000,1.000,0.000,0.000,0.000,0.000,0.000,0.000,0.000,0.000,"",
5.659,Right,1.555,-0.307,-7.079,0.000,1.000,0.000,0.000,0.000,0.000,0.000,0.000,0.000,0.000,"",
5.673,Right,1.555,-0.307,-7.079,0.000,1.000,0.000,0.000,0.000,0.000,0.000,0.000,0.000,0.000,"",
5.688,Right,1.555,-0.307,-7.079,0.000,1.000,0.000,0.000,0.000,0.000,0.000,0.000,0.000,0.000,"",
5.701,Right,1.555,-0.307,-7.079,0.000,1.000,0.000,0.000,0.000,0.000,0.000,0.000,0.000,0.000,"",
5.715,Right,1.555,-0.307,-7.079,0.000,1.000,0.000,0.000,0.000,0.000,0.000,0.000,0.000,0.000,"",
5.728,Right,1.555,-0.307,-7.079,0.000,1.000,0.000,0.000,0.000,0.000,0.000,0.000,0.000,0.000,"",
5.743,Right,1.555,-0.307,-7.079,0.000,1.000,0.000,0.000,0.000,0.000,0.000,0.000,0.000,0.000,"",
5.756,Right,1.555,-0.307,-7.079,0.000,1.000,0.000,0.000,0.000,0.000,0.000,0.000,0.000,0.000,"",
5.770,Right,1.555,-0.307,-7.079,0.000,1.000,0.000,0.000,0.000,0.000,0.000,0.000,0.000,0.000,"",
5.784,Right,1.555,-0.307,-7.079,0.000,1.000,0.000,0.000,0.000,0.000,0.000,0.000,0.000,0.000,"",
5.798,Right,1.555,-0.307,-7.079,0.000,1.000,0.000,0.000,0.000,0.000,0.000,0.000,0.000,0.000,"",
5.812,Right,1.555,-0.307,-7.079,0.000,1.000,0.000,0.000,0.000,0.000,0.000,0.000,0.000,0.000,"",
5.826,Right,1.555,-0.307,-7.079,0.000,1.000,0.000,0.000,0.000,0.000,0.000,0.000,0.000,0.000,"",
5.839,Right,1.555,-0.307,-7.079,0.000,1.000,0.000,0.000,0.000,0.000,0.000,0.000,0.000,0.000,"",
5.853,Right,1.555,-0.307,-7.079,0.000,1.000,0.000,0.000,0.000,0.000,0.000,0.000,0.000,0.000,"",
5.867,Right,1.555,-0.307,-7.079,0.000,1.000,0.000,0.000,0.000,0.000,0.000,0.000,0.000,0.000,"",
5.881,Right,1.555,-0.307,-7.079,0.000,1.000,0.000,0.000,0.000,0.000,0.000,0.000,0.000,0.000,"",
5.895,Right,1.555,-0.307,-7.079,0.000,1.000,0.000,0.000,0.000,0.000,0.000,0.000,0.000,0.000,"",
5.909,Right,1.555,-0.307,-7.079,0.000,1.000,0.000,0.000,0.000,0.000,0.000,0.000,0.000,0.000,"",
5.923,Right,1.555,-0.307,-7.079,0.000,1.000,0.000,0.000,0.000,0.000,0.000,0.000,0.000,0.000,"",
5.937,Right,1.555,-0.307,-7.079,0.000,1.000,0.000,0.000,0.000,0.000,0.000,0.000,0.000,0.000,"",
5.950,Right,1.555,-0.307,-7.079,0.000,1.000,0.000,0.000,0.000,0.000,0.000,0.000,0.000,0.000,"",
5.964,Right,1.555,-0.307,-7.079,0.000,1.000,0.000,0.000,0.000,0.000,0.000,0.000,0.000,0.000,"",
5.978,Right,1.555,-0.307,-7.079,0.000,1.000,0.000,0.000,0.000,0.000,0.000,0.000,0.000,0.000,"",
5.992,Right,1.555,-0.307,-7.079,0.000,1.000,0.000,0.000,0.000,0.000,0.000,0.000,0.000,0.000,"",
6.006,Right,1.555,-0.307,-7.079,0.000,1.000,0.000,0.000,0.000,0.000,0.000,0.000,0.000,0.000,"",
6.021,Right,1.555,-0.307,-7.079,0.000,1.000,0.000,0.000,0.000,0.000,0.000,0.000,0.000,0.000,"",
6.034,Right,1.555,-0.307,-7.079,0.000,1.000,0.000,0.000,0.000,0.000,0.000,0.000,0.000,0.000,"",
6.048,Right,1.555,-0.307,-7.079,0.000,1.000,0.000,0.000,0.000,0.000,0.000,0.000,0.000,0.000,"",
6.063,Right,1.555,-0.307,-7.079,0.000,1.000,0.000,0.000,0.000,0.000,0.000,0.000,0.000,0.000,"",
6.077,Right,1.555,-0.307,-7.079,0.000,1.000,0.000,0.000,0.000,0.000,0.000,0.000,0.000,0.000,"",
6.089,Right,1.555,-0.307,-7.079,0.000,1.000,0.000,0.000,0.000,0.000,0.000,0.000,0.000,0.000,"",
6.103,Right,1.555,-0.307,-7.079,0.000,1.000,0.000,0.000,0.000,0.000,0.000,0.000,0.000,0.000,"",
6.117,Right,1.555,-0.307,-7.079,0.000,1.000,0.000,0.000,0.000,0.000,0.000,0.000,0.000,0.000,"",
6.131,Right,1.555,-0.307,-7.079,0.000,1.000,0.000,0.000,0.000,0.000,0.000,0.000,0.000,0.000,"",
6.145,Right,1.555,-0.307,-7.079,0.000,1.000,0.000,0.000,0.000,0.000,0.000,0.000,0.000,0.000,"",
6.159,Right,1.555,-0.307,-7.079,0.000,1.000,0.000,0.000,0.000,0.000,0.000,0.000,0.000,0.000,"",
6.172,Right,1.555,-0.307,-7.079,0.000,1.000,0.000,0.000,0.000,0.000,0.000,0.000,0.000,0.000,"",
6.187,Right,1.555,-0.307,-7.079,0.000,1.000,0.000,0.000,0.000,0.000,0.000,0.000,0.000,0.000,"",
6.201,Right,1.555,-0.307,-7.079,0.000,1.000,0.000,0.000,0.000,0.000,0.000,0.000,0.000,0.000,"",
6.216,Right,1.555,-0.307,-7.079,0.000,1.000,0.000,0.000,0.000,0.000,0.000,0.000,0.000,0.000,"",
6.229,Right,1.555,-0.307,-7.079,0.000,1.000,0.000,0.000,0.000,0.000,0.000,0.000,0.000,0.000,"",
6.243,Right,1.555,-0.307,-7.079,0.000,1.000,0.000,0.000,0.000,0.000,0.000,0.000,0.000,0.000,"",
6.256,Right,1.555,-0.307,-7.079,0.000,1.000,0.000,0.000,0.000,0.000,0.000,0.000,0.000,0.000,"",
6.270,Right,1.555,-0.307,-7.079,0.000,1.000,0.000,0.000,0.000,0.000,0.000,0.000,0.000,0.000,"",
6.284,Right,1.555,-0.307,-7.079,0.000,1.000,0.000,0.000,0.000,0.000,0.000,0.000,0.000,0.000,"",
6.298,Right,1.555,-0.307,-7.079,0.000,1.000,0.000,0.000,0.000,0.000,0.000,0.000,0.000,0.000,"",
6.311,Right,1.555,-0.307,-7.079,0.000,1.000,0.000,0.000,0.000,0.000,0.000,0.000,0.000,0.000,"",
6.326,Right,1.555,-0.307,-7.079,0.000,1.000,0.000,0.000,0.000,0.000,0.000,0.000,0.000,0.000,"",
6.340,Right,1.555,-0.307,-7.079,0.000,1.000,0.000,0.000,0.000,0.000,0.000,0.000,0.000,0.000,"",
6.354,Right,1.555,-0.307,-7.079,0.000,1.000,0.000,0.000,0.000,0.000,0.000,0.000,0.000,0.000,"",
6.367,Right,1.555,-0.307,-7.079,0.000,1.000,0.000,0.000,0.000,0.000,0.000,0.000,0.000,0.000,"",
6.382,Right,1.555,-0.307,-7.079,0.000,1.000,0.000,0.000,0.000,0.000,0.000,0.000,0.000,0.000,"",
6.395,Right,1.555,-0.307,-7.079,0.000,1.000,0.000,0.000,0.000,0.000,0.000,0.000,0.000,0.000,"",
6.409,Right,1.555,-0.307,-7.079,0.000,1.000,0.000,0.000,0.000,0.000,0.000,0.000,0.000,0.000,"",
6.423,Right,1.555,-0.307,-7.079,0.000,1.000,0.000,0.000,0.000,0.000,0.000,0.000,0.000,0.000,"",
6.437,Right,1.555,-0.307,-7.079,0.000,1.000,0.000,0.000,0.000,0.000,0.000,0.000,0.000,0.000,"",
6.450,Right,1.555,-0.307,-7.079,0.000,1.000,0.000,0.000,0.000,0.000,0.000,0.000,0.000,0.000,"",
6.465,Right,1.555,-0.307,-7.079,0.000,1.000,0.000,0.000,0.000,0.000,0.000,0.000,0.000,0.000,"",
6.478,Right,1.555,-0.307,-7.079,0.000,1.000,0.000,0.000,0.000,0.000,0.000,0.000,0.000,0.000,"",
6.492,Right,1.555,-0.307,-7.079,0.000,1.000,0.000,0.000,0.000,0.000,0.000,0.000,0.000,0.000,"",
6.507,Right,1.555,-0.307,-7.079,0.000,1.000,0.000,0.000,0.000,0.000,0.000,0.000,0.000,0.000,"",
6.520,Right,1.555,-0.307,-7.079,0.000,1.000,0.000,0.000,0.000,0.000,0.000,0.000,0.000,0.000,"",
6.534,Right,1.555,-0.307,-7.079,0.000,1.000,0.000,0.000,0.000,0.000,0.000,0.000,0.000,0.000,"",
6.547,Right,1.555,-0.307,-7.079,0.000,1.000,0.000,0.000,0.000,0.000,0.000,0.000,0.000,0.000,"",
6.562,Right,1.555,-0.307,-7.079,0.000,1.000,0.000,0.000,0.000,0.000,0.000,0.000,0.000,0.000,"",
6.576,Right,1.555,-0.307,-7.079,0.000,1.000,0.000,0.000,0.000,0.000,0.000,0.000,0.000,0.000,"",
6.589,Right,1.555,-0.307,-7.079,0.000,1.000,0.000,0.000,0.000,0.000,0.000,0.000,0.000,0.000,"",
6.604,Right,1.555,-0.307,-7.079,0.000,1.000,0.000,0.000,0.000,0.000,0.000,0.000,0.000,0.000,"",
6.618,Right,1.555,-0.307,-7.079,0.000,1.000,0.000,0.000,0.000,0.000,0.000,0.000,0.000,0.000,"",
6.631,Right,1.555,-0.307,-7.079,0.000,1.000,0.000,0.000,0.000,0.000,0.000,0.000,0.000,0.000,"",
6.645,Right,1.555,-0.307,-7.079,0.000,1.000,0.000,0.000,0.000,0.000,0.000,0.000,0.000,0.000,"",
6.659,Right,1.555,-0.307,-7.079,0.000,1.000,0.000,0.000,0.000,0.000,0.000,0.000,0.000,0.000,"",
6.673,Right,1.555,-0.307,-7.079,0.000,1.000,0.000,0.000,0.000,0.000,0.000,0.000,0.000,0.000,"",
6.687,Right,1.555,-0.307,-7.079,0.000,1.000,0.000,0.000,0.000,0.000,0.000,0.000,0.000,0.000,"",
6.702,Right,1.555,-0.307,-7.079,0.000,1.000,0.000,0.000,0.000,0.000,0.000,0.000,0.000,0.000,"",
6.715,Right,1.555,-0.307,-7.079,0.000,1.000,0.000,0.000,0.000,0.000,0.000,0.000,0.000,0.000,"",
6.728,Right,1.555,-0.307,-7.079,0.000,1.000,0.000,0.000,0.000,0.000,0.000,0.000,0.000,0.000,"",
6.743,Right,1.555,-0.307,-7.079,0.000,1.000,0.000,0.000,0.000,0.000,0.000,0.000,0.000,0.000,"",
6.757,Right,1.555,-0.307,-7.079,0.000,1.000,0.000,0.000,0.000,0.000,0.000,0.000,0.000,0.000,"",
6.770,Right,1.555,-0.307,-7.079,0.000,1.000,0.000,0.000,0.000,0.000,0.000,0.000,0.000,0.000,"",
6.784,Right,1.555,-0.307,-7.079,0.000,1.000,0.000,0.000,0.000,0.000,0.000,0.000,0.000,0.000,"",
6.798,Right,1.555,-0.307,-7.079,0.000,1.000,0.000,0.000,0.000,0.000,0.000,0.000,0.000,0.000,"",
6.812,Right,1.555,-0.307,-7.079,0.000,1.000,0.000,0.000,0.000,0.000,0.000,0.000,0.000,0.000,"",
6.827,Right,1.555,-0.307,-7.079,0.000,1.000,0.000,0.000,0.000,0.000,0.000,0.000,0.000,0.000,"",
6.840,Right,1.555,-0.307,-7.079,0.000,1.000,0.000,0.000,0.000,0.000,0.000,0.000,0.000,0.000,"",
6.854,Right,1.555,-0.307,-7.079,0.000,1.000,0.000,0.000,0.000,0.000,0.000,0.000,0.000,0.000,"",
6.867,Right,1.555,-0.307,-7.079,0.000,1.000,0.000,0.000,0.000,0.000,0.000,0.000,0.000,0.000,"",
6.881,Right,1.555,-0.307,-7.079,0.000,1.000,0.000,0.000,0.000,0.000,0.000,0.000,0.000,0.000,"",
6.895,Right,1.555,-0.307,-7.079,0.000,1.000,0.000,0.000,0.000,0.000,0.000,0.000,0.000,0.000,"",
6.909,Right,1.555,-0.307,-7.079,0.000,1.000,0.000,0.000,0.000,0.000,0.000,0.000,0.000,0.000,"",
6.923,Right,1.555,-0.307,-7.079,0.000,1.000,0.000,0.000,0.000,0.000,0.000,0.000,0.000,0.000,"",
6.937,Right,1.555,-0.307,-7.079,0.000,1.000,0.000,0.000,0.000,0.000,0.000,0.000,0.000,0.000,"",
6.950,Right,1.555,-0.307,-7.079,0.000,1.000,0.000,0.000,0.000,0.000,0.000,0.000,0.000,0.000,"",
6.965,Right,1.555,-0.307,-7.079,0.000,1.000,0.000,0.000,0.000,0.000,0.000,0.000,0.000,0.000,"",
6.979,Right,1.555,-0.307,-7.079,0.000,1.000,0.000,0.000,0.000,0.000,0.000,0.000,0.000,0.000,"",
6.992,Right,1.555,-0.307,-7.079,0.000,1.000,0.000,0.000,0.000,0.000,0.000,0.000,0.000,0.000,"",
7.006,Right,1.555,-0.307,-7.079,0.000,1.000,0.000,0.000,0.000,0.000,0.000,0.000,0.000,0.000,"",
7.020,Right,1.555,-0.307,-7.079,0.000,1.000,0.000,0.000,0.000,0.000,0.000,0.000,0.000,0.000,"",
7.034,Right,1.555,-0.307,-7.079,0.000,1.000,0.000,0.000,0.000,0.000,0.000,0.000,0.000,0.000,"",
7.048,Right,1.555,-0.307,-7.079,0.000,1.000,0.000,0.000,0.000,0.000,0.000,0.000,0.000,0.000,"",
7.062,Right,1.555,-0.307,-7.079,0.000,1.000,0.000,0.000,0.000,0.000,0.000,0.000,0.000,0.000,"",
7.076,Right,1.555,-0.307,-7.079,0.000,1.000,0.000,0.000,0.000,0.000,0.000,0.000,0.000,0.000,"",
7.090,Right,1.555,-0.307,-7.079,0.000,1.000,0.000,0.000,0.000,0.000,0.000,0.000,0.000,0.000,"",
7.104,Right,1.555,-0.307,-7.079,0.000,1.000,0.000,0.000,0.000,0.000,0.000,0.000,0.000,0.000,"",
7.118,Right,1.555,-0.307,-7.079,0.000,1.000,0.000,0.000,0.000,0.000,0.000,0.000,0.000,0.000,"",
7.131,Right,1.555,-0.307,-7.079,0.000,1.000,0.000,0.000,0.000,0.000,0.000,0.000,0.000,0.000,"",
7.146,Right,1.555,-0.307,-7.079,0.000,1.000,0.000,0.000,0.000,0.000,0.000,0.000,0.000,0.000,"",
7.159,Right,1.555,-0.307,-7.079,0.000,1.000,0.000,0.000,0.000,0.000,0.000,0.000,0.000,0.000,"",
7.173,Right,1.555,-0.307,-7.079,0.000,1.000,0.000,0.000,0.000,0.000,0.000,0.000,0.000,0.000,"",
7.187,Right,1.555,-0.307,-7.079,0.000,1.000,0.000,0.000,0.000,0.000,0.000,0.000,0.000,0.000,"",
7.201,Right,1.555,-0.307,-7.079,0.000,1.000,0.000,0.000,0.000,0.000,0.000,0.000,0.000,0.000,"",
7.215,Right,1.555,-0.307,-7.079,0.000,1.000,0.000,0.000,0.000,0.000,0.000,0.000,0.000,0.000,"",
7.229,Right,1.555,-0.307,-7.079,0.000,1.000,0.000,0.000,0.000,0.000,0.000,0.000,0.000,0.000,"",
7.243,Right,1.555,-0.307,-7.079,0.000,1.000,0.000,0.000,0.000,0.000,0.000,0.000,0.000,0.000,"",
7.257,Right,1.555,-0.307,-7.079,0.000,1.000,0.000,0.000,0.000,0.000,0.000,0.000,0.000,0.000,"",
7.270,Right,1.555,-0.307,-7.079,0.000,1.000,0.000,0.000,0.000,0.000,0.000,0.000,0.000,0.000,"",
7.284,Right,1.555,-0.307,-7.079,0.000,1.000,0.000,0.000,0.000,0.000,0.000,0.000,0.000,0.000,"",
7.298,Right,1.555,-0.307,-7.079,0.000,1.000,0.000,0.000,0.000,0.000,0.000,0.000,0.000,0.000,"",
7.312,Right,1.555,-0.307,-7.079,0.000,1.000,0.000,0.000,0.000,0.000,0.000,0.000,0.000,0.000,"",
7.326,Right,1.555,-0.307,-7.079,0.000,1.000,0.000,0.000,0.000,0.000,0.000,0.000,0.000,0.000,"",
7.340,Right,1.555,-0.307,-7.079,0.000,1.000,0.000,0.000,0.000,0.000,0.000,0.000,0.000,0.000,"",
7.354,Right,1.555,-0.307,-7.079,0.000,1.000,0.000,0.000,0.000,0.000,0.000,0.000,0.000,0.000,"",
7.368,Right,1.555,-0.307,-7.079,0.000,1.000,0.000,0.000,0.000,0.000,0.000,0.000,0.000,0.000,"",
7.381,Right,1.555,-0.307,-7.079,0.000,1.000,0.000,0.000,0.000,0.000,0.000,0.000,0.000,0.000,"",
7.396,Right,1.555,-0.307,-7.079,0.000,1.000,0.000,0.000,0.000,0.000,0.000,0.000,0.000,0.000,"",
7.409,Right,1.555,-0.307,-7.079,0.000,1.000,0.000,0.000,0.000,0.000,0.000,0.000,0.000,0.000,"",
7.423,Right,1.555,-0.307,-7.079,0.000,1.000,0.000,0.000,0.000,0.000,0.000,0.000,0.000,0.000,"",
7.437,Right,1.555,-0.307,-7.079,0.000,1.000,0.000,0.000,0.000,0.000,0.000,0.000,0.000,0.000,"",
7.451,Right,1.555,-0.307,-7.079,0.000,1.000,0.000,0.000,0.000,0.000,0.000,0.000,0.000,0.000,"",
7.465,Right,1.555,-0.307,-7.079,0.000,1.000,0.000,0.000,0.000,0.000,0.000,0.000,0.000,0.000,"",
7.479,Right,1.555,-0.307,-7.079,0.000,1.000,0.000,0.000,0.000,0.000,0.000,0.000,0.000,0.000,"",
7.492,Right,1.555,-0.307,-7.079,0.000,1.000,0.000,0.000,0.000,0.000,0.000,0.000,0.000,0.000,"",
7.506,Right,1.555,-0.307,-7.079,0.000,1.000,0.000,0.000,0.000,0.000,0.000,0.000,0.000,0.000,"",
7.521,Right,1.555,-0.307,-7.079,0.000,1.000,0.000,0.000,0.000,0.000,0.000,0.000,0.000,0.000,"",
7.534,Right,1.555,-0.307,-7.079,0.000,1.000,0.000,0.000,0.000,0.000,0.000,0.000,0.000,0.000,"",
7.548,Right,1.555,-0.307,-7.079,0.000,1.000,0.000,0.000,0.000,0.000,0.000,0.000,0.000,0.000,"",
7.562,Right,1.555,-0.307,-7.079,0.000,1.000,0.000,0.000,0.000,0.000,0.000,0.000,0.000,0.000,"",
7.576,Right,1.555,-0.307,-7.079,0.000,1.000,0.000,0.000,0.000,0.000,0.000,0.000,0.000,0.000,"",
7.589,Right,1.555,-0.307,-7.079,0.000,1.000,0.000,0.000,0.000,0.000,0.000,0.000,0.000,0.000,"",
7.604,Right,1.555,-0.307,-7.079,0.000,1.000,0.000,0.000,0.000,0.000,0.000,0.000,0.000,0.000,"",
7.617,Right,1.555,-0.307,-7.079,0.000,1.000,0.000,0.000,0.000,0.000,0.000,0.000,0.000,0.000,"",
7.631,Right,1.555,-0.307,-7.079,0.000,1.000,0.000,0.000,0.000,0.000,0.000,0.000,0.000,0.000,"",
7.646,Right,1.555,-0.307,-7.079,0.000,1.000,0.000,0.000,0.000,0.000,0.000,0.000,0.000,0.000,"",
7.659,Right,1.555,-0.307,-7.079,0.000,1.000,0.000,0.000,0.000,0.000,0.000,0.000,0.000,0.000,"",
7.673,Right,1.555,-0.307,-7.079,0.000,1.000,0.000,0.000,0.000,0.000,0.000,0.000,0.000,0.000,"",
7.687,Right,1.555,-0.307,-7.079,0.000,1.000,0.000,0.000,0.000,0.000,0.000,0.000,0.000,0.000,"",
7.702,Right,1.555,-0.307,-7.079,0.000,1.000,0.000,0.000,0.000,0.000,0.000,0.000,0.000,0.000,"",
7.715,Right,1.555,-0.307,-7.079,0.000,1.000,0.000,0.000,0.000,0.000,0.000,0.000,0.000,0.000,"",
7.728,Right,1.555,-0.307,-7.079,0.000,1.000,0.000,0.000,0.000,0.000,0.000,0.000,0.000,0.000,"",
7.743,Right,1.555,-0.307,-7.079,0.000,1.000,0.000,0.000,0.000,0.000,0.000,0.000,0.000,0.000,"",
7.757,Right,1.555,-0.307,-7.079,0.000,1.000,0.000,0.000,0.000,0.000,0.000,0.000,0.000,0.000,"",
7.771,Right,1.555,-0.307,-7.079,0.000,1.000,0.000,0.000,0.000,0.000,0.000,0.000,0.000,0.000,"",
7.785,Right,1.555,-0.307,-7.079,0.000,1.000,0.000,0.000,0.000,0.000,0.000,0.000,0.000,0.000,"",
7.799,Right,1.555,-0.307,-7.079,0.000,1.000,0.000,0.000,0.000,0.000,0.000,0.000,0.000,0.000,"",
7.812,Right,1.555,-0.307,-7.079,0.000,1.000,0.000,0.000,0.000,0.000,0.000,0.000,0.000,0.000,"",
7.826,Right,1.555,-0.307,-7.079,0.000,1.000,0.000,0.000,0.000,0.000,0.000,0.000,0.000,0.000,"",
7.840,Right,1.555,-0.307,-7.079,0.000,1.000,0.000,0.000,0.000,0.000,0.000,0.000,0.000,0.000,"",
7.854,Right,1.555,-0.307,-7.079,0.000,1.000,0.000,0.000,0.000,0.000,0.000,0.000,0.000,0.000,"",
7.868,Right,1.555,-0.307,-7.079,0.000,1.000,0.000,0.000,0.000,0.000,0.000,0.000,0.000,0.000,"",
7.882,Right,1.555,-0.307,-7.079,0.000,1.000,0.000,0.000,0.000,0.000,0.000,0.000,0.000,0.000,"",
7.896,Right,1.555,-0.307,-7.079,0.000,1.000,0.000,0.000,0.000,0.000,0.000,0.000,0.000,0.000,"",
7.909,Right,1.555,-0.307,-7.079,0.000,1.000,0.000,0.000,0.000,0.000,0.000,0.000,0.000,0.000,"",
7.923,Right,1.555,-0.307,-7.079,0.000,1.000,0.000,0.000,0.000,0.000,0.000,0.000,0.000,0.000,"",
7.937,Right,1.555,-0.307,-7.079,0.000,1.000,0.000,0.000,0.000,0.000,0.000,0.000,0.000,0.000,"",
7.951,Right,1.555,-0.307,-7.079,0.000,1.000,0.000,0.000,0.000,0.000,0.000,0.000,0.000,0.000,"",
7.965,Right,1.555,-0.307,-7.079,0.000,1.000,0.000,0.000,0.000,0.000,0.000,0.000,0.000,0.000,"",
7.979,Right,1.555,-0.307,-7.079,0.000,1.000,0.000,0.000,0.000,0.000,0.000,0.000,0.000,0.000,"",
7.992,Right,1.555,-0.307,-7.079,0.000,1.000,0.000,0.000,0.000,0.000,0.000,0.000,0.000,0.000,"",
8.016,Right,1.555,-0.307,-7.079,0.000,1.000,0.000,0.000,0.000,0.000,0.000,0.000,0.000,0.000,"",
8.020,Right,1.555,-0.307,-7.079,0.000,1.000,0.000,0.000,0.000,0.000,0.000,0.000,0.000,0.000,"",
8.036,Right,1.555,-0.307,-7.079,0.000,1.000,0.000,0.000,0.000,0.000,0.000,0.000,0.000,0.000,"",
8.050,Right,1.555,-0.307,-7.079,0.000,1.000,0.000,0.000,0.000,0.000,0.000,0.000,0.000,0.000,"",
8.064,Right,1.555,-0.307,-7.079,0.000,1.000,0.000,0.000,0.000,0.000,0.000,0.000,0.000,0.000,"",
8.077,Right,1.555,-0.307,-7.079,0.000,1.000,0.000,0.000,0.000,0.000,0.000,0.000,0.000,0.000,"",
8.090,Right,1.555,-0.307,-7.079,0.000,1.000,0.000,0.000,0.000,0.000,0.000,0.000,0.000,0.000,"",
8.104,Right,1.555,-0.307,-7.079,0.000,1.000,0.000,0.000,0.000,0.000,0.000,0.000,0.000,0.000,"",
8.118,Right,1.555,-0.307,-7.079,0.000,1.000,0.000,0.000,0.000,0.000,0.000,0.000,0.000,0.000,"",
8.131,Right,1.555,-0.307,-7.079,0.000,1.000,0.000,0.000,0.000,0.000,0.000,0.000,0.000,0.000,"",
8.145,Right,1.555,-0.307,-7.079,0.000,1.000,0.000,0.000,0.000,0.000,0.000,0.000,0.000,0.000,"",
8.159,Right,1.555,-0.307,-7.079,0.000,1.000,0.000,0.000,0.000,0.000,0.000,0.000,0.000,0.000,"",
8.172,Right,1.555,-0.307,-7.079,0.000,1.000,0.000,0.000,0.000,0.000,0.000,0.000,0.000,0.000,"",
8.187,Right,1.555,-0.307,-7.079,0.000,1.000,0.000,0.000,0.000,0.000,0.000,0.000,0.000,0.000,"",
8.201,Right,1.555,-0.307,-7.079,0.000,1.000,0.000,0.000,0.000,0.000,0.000,0.000,0.000,0.000,"",
8.214,Right,1.555,-0.307,-7.079,0.000,1.000,0.000,0.000,0.000,0.000,0.000,0.000,0.000,0.000,"",
8.228,Right,1.555,-0.307,-7.079,0.000,1.000,0.000,0.000,0.000,0.000,0.000,0.000,0.000,0.000,"",
8.242,Right,1.555,-0.307,-7.079,0.000,1.000,0.000,0.000,0.000,0.000,0.000,0.000,0.000,0.000,"",
8.256,Right,1.555,-0.307,-7.079,0.000,1.000,0.000,0.000,0.000,0.000,0.000,0.000,0.000,0.000,"",
8.270,Right,1.555,-0.307,-7.079,0.000,1.000,0.000,0.000,0.000,0.000,0.000,0.000,0.000,0.000,"",
8.284,Right,1.555,-0.307,-7.079,0.000,1.000,0.000,0.000,0.000,0.000,0.000,0.000,0.000,0.000,"",
8.297,Right,1.555,-0.307,-7.079,0.000,1.000,0.000,0.000,0.000,0.000,0.000,0.000,0.000,0.000,"",
8.311,Right,1.555,-0.307,-7.079,0.000,1.000,0.000,0.000,0.000,0.000,0.000,0.000,0.000,0.000,"",
8.326,Right,1.555,-0.307,-7.079,0.000,1.000,0.000,0.000,0.000,0.000,0.000,0.000,0.000,0.000,"",
8.340,Right,1.555,-0.307,-7.079,0.000,1.000,0.000,0.000,0.000,0.000,0.000,0.000,0.000,0.000,"",
8.353,Right,1.555,-0.307,-7.079,0.000,1.000,0.000,0.000,0.000,0.000,0.000,0.000,0.000,0.000,"",
8.370,Right,1.555,-0.307,-7.079,0.000,1.000,0.000,0.000,0.000,0.000,0.000,0.000,0.000,0.000,"",
8.381,Right,1.555,-0.307,-7.079,0.000,1.000,0.000,0.000,0.000,0.000,0.000,0.000,0.000,0.000,"",
8.394,Right,1.555,-0.307,-7.079,0.000,1.000,0.000,0.000,0.000,0.000,0.000,0.000,0.000,0.000,"",
8.407,Right,1.555,-0.307,-7.079,0.000,1.000,0.000,0.000,0.000,0.000,0.000,0.000,0.000,0.000,"",
8.422,Right,1.555,-0.307,-7.079,0.000,1.000,0.000,0.000,0.000,0.000,0.000,0.000,0.000,0.000,"",
8.436,Right,1.555,-0.307,-7.079,0.000,1.000,0.000,0.000,0.000,0.000,0.000,0.000,0.000,0.000,"",
8.450,Right,1.555,-0.307,-7.079,0.000,1.000,0.000,0.000,0.000,0.000,0.000,0.000,0.000,0.000,"",
8.464,Right,1.555,-0.307,-7.079,0.000,1.000,0.000,0.000,0.000,0.000,0.000,0.000,0.000,0.000,"",
8.478,Right,1.555,-0.307,-7.079,0.000,1.000,0.000,0.000,0.000,0.000,0.000,0.000,0.000,0.000,"",
8.491,Right,1.555,-0.307,-7.079,0.000,1.000,0.000,0.000,0.000,0.000,0.000,0.000,0.000,0.000,"",
8.506,Right,1.555,-0.307,-7.079,0.000,1.000,0.000,0.000,0.000,0.000,0.000,0.000,0.000,0.000,"",
8.520,Right,1.555,-0.307,-7.079,0.000,1.000,0.000,0.000,0.000,0.000,0.000,0.000,0.000,0.000,"",
8.533,Right,1.555,-0.307,-7.079,0.000,1.000,0.000,0.000,0.000,0.000,0.000,0.000,0.000,0.000,"",
8.547,Right,1.555,-0.307,-7.079,0.000,1.000,0.000,0.000,0.000,0.000,0.000,0.000,0.000,0.000,"",
8.564,Right,1.555,-0.307,-7.079,0.000,1.000,0.000,0.000,0.000,0.000,0.000,0.000,0.000,0.000,"",
8.576,Right,1.555,-0.307,-7.079,0.000,1.000,0.000,0.000,0.000,0.000,0.000,0.000,0.000,0.000,"",
8.589,Right,1.555,-0.307,-7.079,0.000,1.000,0.000,0.000,0.000,0.000,0.000,0.000,0.000,0.000,"",
8.603,Right,1.555,-0.307,-7.079,0.000,1.000,0.000,0.000,0.000,0.000,0.000,0.000,0.000,0.000,"",
8.617,Right,1.555,-0.307,-7.079,0.000,1.000,0.000,0.000,0.000,0.000,0.000,0.000,0.000,0.000,"",
8.630,Right,1.555,-0.307,-7.079,0.000,1.000,0.000,0.000,0.000,0.000,0.000,0.000,0.000,0.000,"",
8.645,Right,1.555,-0.307,-7.079,0.000,1.000,0.000,0.000,0.000,0.000,0.000,0.000,0.000,0.000,"",
8.658,Right,1.555,-0.307,-7.079,0.000,1.000,0.000,0.000,0.000,0.000,0.000,0.000,0.000,0.000,"",
8.672,Right,1.555,-0.307,-7.079,0.000,1.000,0.000,0.000,0.000,0.000,0.000,0.000,0.000,0.000,"",
8.689,Right,1.555,-0.307,-7.079,0.000,1.000,0.000,0.000,0.000,0.000,0.000,0.000,0.000,0.000,"",
8.701,Right,1.555,-0.307,-7.079,0.000,1.000,0.000,0.000,0.000,0.000,0.000,0.000,0.000,0.000,"",
8.714,Right,1.555,-0.307,-7.079,0.000,1.000,0.000,0.000,0.000,0.000,0.000,0.000,0.000,0.000,"",
8.727,Right,1.555,-0.307,-7.079,0.000,1.000,0.000,0.000,0.000,0.000,0.000,0.000,0.000,0.000,"",
8.742,Right,1.555,-0.307,-7.079,0.000,1.000,0.000,0.000,0.000,0.000,0.000,0.000,0.000,0.000,"",
8.755,Right,1.555,-0.307,-7.079,0.000,1.000,0.000,0.000,0.000,0.000,0.000,0.000,0.000,0.000,"",
8.768,Right,1.555,-0.307,-7.079,0.000,1.000,0.000,0.000,0.000,0.000,0.000,0.000,0.000,0.000,"",
8.783,Right,1.555,-0.307,-7.079,0.000,1.000,0.000,0.000,0.000,0.000,0.000,0.000,0.000,0.000,"",
8.797,Right,1.555,-0.307,-7.079,0.000,1.000,0.000,0.000,0.000,0.000,0.000,0.000,0.000,0.000,"",
8.811,Right,1.555,-0.307,-7.079,0.000,1.000,0.000,0.000,0.000,0.000,0.000,0.000,0.000,0.000,"",
8.825,Right,1.555,-0.307,-7.079,0.000,1.000,0.000,0.000,0.000,0.000,0.000,0.000,0.000,0.000,"",
8.839,Right,1.555,-0.307,-7.079,0.000,1.000,0.000,0.000,0.000,0.000,0.000,0.000,0.000,0.000,"",
8.853,Right,1.555,-0.307,-7.079,0.000,1.000,0.000,0.000,0.000,0.000,0.000,0.000,0.000,0.000,"",
8.867,Right,1.555,-0.307,-7.079,0.000,1.000,0.000,0.000,0.000,0.000,0.000,0.000,0.000,0.000,"",
8.881,Right,1.555,-0.307,-7.079,0.000,1.000,0.000,0.000,0.000,0.000,0.000,0.000,0.000,0.000,"",
8.895,Right,1.555,-0.307,-7.079,0.000,1.000,0.000,0.000,0.000,0.000,0.000,0.000,0.000,0.000,"",
8.908,Right,1.555,-0.307,-7.079,0.000,1.000,0.000,0.000,0.000,0.000,0.000,0.000,0.000,0.000,"",
8.922,Right,1.555,-0.307,-7.079,0.000,1.000,0.000,0.000,0.000,0.000,0.000,0.000,0.000,0.000,"",
8.936,Right,1.555,-0.307,-7.079,0.000,1.000,0.000,0.000,0.000,0.000,0.000,0.000,0.000,0.000,"",
8.949,Right,1.555,-0.307,-7.079,0.000,1.000,0.000,0.000,0.000,0.000,0.000,0.000,0.000,0.000,"",
8.964,Right,1.555,-0.307,-7.079,0.000,1.000,0.000,0.000,0.000,0.000,0.000,0.000,0.000,0.000,"",
8.978,Right,1.555,-0.307,-7.079,0.000,1.000,0.000,0.000,0.000,0.000,0.000,0.000,0.000,0.000,"",
8.991,Right,1.555,-0.307,-7.079,0.000,1.000,0.000,0.000,0.000,0.000,0.000,0.000,0.000,0.000,"",
9.006,Right,1.555,-0.307,-7.079,0.000,1.000,0.000,0.000,0.000,0.000,0.000,0.000,0.000,0.000,"",
9.020,Right,1.555,-0.307,-7.079,0.000,1.000,0.000,0.000,0.000,0.000,0.000,0.000,0.000,0.000,"",
9.033,Right,1.555,-0.307,-7.079,0.000,1.000,0.000,0.000,0.000,0.000,0.000,0.000,0.000,0.000,"",
9.047,Right,1.555,-0.307,-7.079,0.000,1.000,0.000,0.000,0.000,0.000,0.000,0.000,0.000,0.000,"",
9.061,Right,1.555,-0.307,-7.079,0.000,1.000,0.000,0.000,0.000,0.000,0.000,0.000,0.000,0.000,"",
9.075,Right,1.555,-0.307,-7.079,0.000,1.000,0.000,0.000,0.000,0.000,0.000,0.000,0.000,0.000,"",
9.088,Right,1.555,-0.307,-7.079,0.000,1.000,0.000,0.000,0.000,0.000,0.000,0.000,0.000,0.000,"",
9.103,Right,1.555,-0.307,-7.079,0.000,1.000,0.000,0.000,0.000,0.000,0.000,0.000,0.000,0.000,"",
9.117,Right,1.555,-0.307,-7.079,0.000,1.000,0.000,0.000,0.000,0.000,0.000,0.000,0.000,0.000,"",
9.130,Right,1.555,-0.307,-7.079,0.000,1.000,0.000,0.000,0.000,0.000,0.000,0.000,0.000,0.000,"",
9.145,Right,1.555,-0.307,-7.079,0.000,1.000,0.000,0.000,0.000,0.000,0.000,0.000,0.000,0.000,"",
9.159,Right,1.555,-0.307,-7.079,0.000,1.000,0.000,0.000,0.000,0.000,0.000,0.000,0.000,0.000,"",
9.172,Right,1.555,-0.307,-7.079,0.000,1.000,0.000,0.000,0.000,0.000,0.000,0.000,0.000,0.000,"",
9.186,Right,1.555,-0.307,-7.079,0.000,1.000,0.000,0.000,0.000,0.000,0.000,0.000,0.000,0.000,"",
9.200,Right,1.555,-0.307,-7.079,0.000,1.000,0.000,0.000,0.000,0.000,0.000,0.000,0.000,0.000,"",
9.214,Right,1.555,-0.307,-7.079,0.000,1.000,0.000,0.000,0.000,0.000,0.000,0.000,0.000,0.000,"",
9.227,Right,1.555,-0.307,-7.079,0.000,1.000,0.000,0.000,0.000,0.000,0.000,0.000,0.000,0.000,"",
9.242,Right,1.555,-0.307,-7.079,0.000,1.000,0.000,0.000,0.000,0.000,0.000,0.000,0.000,0.000,"",
9.256,Right,1.555,-0.307,-7.079,0.000,1.000,0.000,0.000,0.000,0.000,0.000,0.000,0.000,0.000,"",
9.269,Right,1.555,-0.307,-7.079,0.000,1.000,0.000,0.000,0.000,0.000,0.000,0.000,0.000,0.000,"",
9.284,Right,1.555,-0.307,-7.079,0.000,1.000,0.000,0.000,0.000,0.000,0.000,0.000,0.000,0.000,"",
9.297,Right,1.555,-0.307,-7.079,0.000,1.000,0.000,0.000,0.000,0.000,0.000,0.000,0.000,0.000,"",
9.311,Right,1.555,-0.307,-7.079,0.000,1.000,0.000,0.000,0.000,0.000,0.000,0.000,0.000,0.000,"",
9.325,Right,1.555,-0.307,-7.079,0.000,1.000,0.000,0.000,0.000,0.000,0.000,0.000,0.000,0.000,"",
9.339,Right,1.555,-0.307,-7.079,0.000,1.000,0.000,0.000,0.000,0.000,0.000,0.000,0.000,0.000,"",
9.352,Right,1.555,-0.307,-7.079,0.000,1.000,0.000,0.000,0.000,0.000,0.000,0.000,0.000,0.000,"",
9.367,Right,1.555,-0.307,-7.079,0.000,1.000,0.000,0.000,0.000,0.000,0.000,0.000,0.000,0.000,"",
9.381,Right,1.555,-0.307,-7.079,0.000,1.000,0.000,0.000,0.000,0.000,0.000,0.000,0.000,0.000,"",
9.395,Right,1.555,-0.307,-7.079,0.000,1.000,0.000,0.000,0.000,0.000,0.000,0.000,0.000,0.000,"",
9.408,Right,1.555,-0.307,-7.079,0.000,1.000,0.000,0.000,0.000,0.000,0.000,0.000,0.000,0.000,"",
9.422,Right,1.555,-0.307,-7.079,0.000,1.000,0.000,0.000,0.000,0.000,0.000,0.000,0.000,0.000,"",
9.436,Right,1.555,-0.307,-7.079,0.000,1.000,0.000,0.000,0.000,0.000,0.000,0.000,0.000,0.000,"",
9.449,Right,1.555,-0.307,-7.079,0.000,1.000,0.000,0.000,0.000,0.000,0.000,0.000,0.000,0.000,"",
9.464,Right,1.555,-0.307,-7.079,0.000,1.000,0.000,0.000,0.000,0.000,0.000,0.000,0.000,0.000,"",
9.479,Right,1.555,-0.307,-7.079,0.000,1.000,0.000,0.000,0.000,0.000,0.000,0.000,0.000,0.000,"",
9.491,Right,1.555,-0.307,-7.079,0.000,1.000,0.000,0.000,0.000,0.000,0.000,0.000,0.000,0.000,"",
9.506,Right,1.555,-0.307,-7.079,0.000,1.000,0.000,0.000,0.000,0.000,0.000,0.000,0.000,0.000,"",
9.520,Right,1.555,-0.307,-7.079,0.000,1.000,0.000,0.000,0.000,0.000,0.000,0.000,0.000,0.000,"",
9.533,Right,1.555,-0.307,-7.079,0.000,1.000,0.000,0.000,0.000,0.000,0.000,0.000,0.000,0.000,"",
9.547,Right,1.555,-0.307,-7.079,0.000,1.000,0.000,0.000,0.000,0.000,0.000,0.000,0.000,0.000,"",
9.562,Right,1.555,-0.307,-7.079,0.000,1.000,0.000,0.000,0.000,0.000,0.000,0.000,0.000,0.000,"",
9.575,Right,1.555,-0.307,-7.079,0.000,1.000,0.000,0.000,0.000,0.000,0.000,0.000,0.000,0.000,"",
9.589,Right,1.555,-0.307,-7.079,0.000,1.000,0.000,0.000,0.000,0.000,0.000,0.000,0.000,0.000,"",
9.603,Right,1.555,-0.307,-7.079,0.000,1.000,0.000,0.000,0.000,0.000,0.000,0.000,0.000,0.000,"",
9.616,Right,1.555,-0.307,-7.079,0.000,1.000,0.000,0.000,0.000,0.000,0.000,0.000,0.000,0.000,"",
9.630,Right,1.555,-0.307,-7.079,0.000,1.000,0.000,0.000,0.000,0.000,0.000,0.000,0.000,0.000,"",
9.644,Right,1.555,-0.307,-7.079,0.000,1.000,0.000,0.000,0.000,0.000,0.000,0.000,0.000,0.000,"",
9.658,Right,1.555,-0.307,-7.079,0.000,1.000,0.000,0.000,0.000,0.000,0.000,0.000,0.000,0.000,"",
9.672,Right,1.555,-0.307,-7.079,0.000,1.000,0.000,0.000,0.000,0.000,0.000,0.000,0.000,0.000,"",
9.686,Right,1.555,-0.307,-7.079,0.000,1.000,0.000,0.000,0.000,0.000,0.000,0.000,0.000,0.000,"",
9.700,Right,1.555,-0.307,-7.079,0.000,1.000,0.000,0.000,0.000,0.000,0.000,0.000,0.000,0.000,"",
9.715,Right,1.555,-0.307,-7.079,0.000,1.000,0.000,0.000,0.000,0.000,0.000,0.000,0.000,0.000,"",
9.729,Right,1.555,-0.307,-7.079,0.000,1.000,0.000,0.000,0.000,0.000,0.000,0.000,0.000,0.000,"",
9.742,Right,1.555,-0.307,-7.079,0.000,1.000,0.000,0.000,0.000,0.000,0.000,0.000,0.000,0.000,"",
9.757,Right,1.555,-0.307,-7.079,0.000,1.000,0.000,0.000,0.000,0.000,0.000,0.000,0.000,0.000,"",
9.769,Right,1.555,-0.307,-7.079,0.000,1.000,0.000,0.000,0.000,0.000,0.000,0.000,0.000,0.000,"",
9.784,Right,1.555,-0.307,-7.079,0.000,1.000,0.000,0.000,0.000,0.000,0.000,0.000,0.000,0.000,"",
9.798,Right,1.555,-0.307,-7.079,0.000,1.000,0.000,0.000,0.000,0.000,0.000,0.000,0.000,0.000,"",
9.811,Right,1.555,-0.307,-7.079,0.000,1.000,0.000,0.000,0.000,0.000,0.000,0.000,0.000,0.000,"",
9.825,Right,1.555,-0.307,-7.079,0.000,1.000,0.000,0.000,0.000,0.000,0.000,0.000,0.000,0.000,"",
9.839,Right,1.555,-0.307,-7.079,0.000,1.000,0.000,0.000,0.000,0.000,0.000,0.000,0.000,0.000,"",
9.853,Right,1.555,-0.307,-7.079,0.000,1.000,0.000,0.000,0.000,0.000,0.000,0.000,0.000,0.000,"",
9.868,Right,1.555,-0.307,-7.079,0.000,1.000,0.000,0.000,0.000,0.000,0.000,0.000,0.000,0.000,"",
9.883,Right,1.555,-0.307,-7.079,0.000,1.000,0.000,0.000,0.000,0.000,0.000,0.000,0.000,0.000,"",
9.897,Right,1.555,-0.307,-7.079,0.000,1.000,0.000,0.000,0.000,0.000,0.000,0.000,0.000,0.000,"",
9.908,Right,1.555,-0.307,-7.079,0.000,1.000,0.000,0.000,0.000,0.000,0.000,0.000,0.000,0.000,"",
9.923,Right,1.555,-0.307,-7.079,0.000,1.000,0.000,0.000,0.000,0.000,0.000,0.000,0.000,0.000,"",
9.935,Right,1.555,-0.307,-7.079,0.000,1.000,0.000,0.000,0.000,0.000,0.000,0.000,0.000,0.000,"",
9.948,Right,1.555,-0.307,-7.079,0.000,1.000,0.000,0.000,0.000,0.000,0.000,0.000,0.000,0.000,"",
9.963,Right,1.555,-0.307,-7.079,0.000,1.000,0.000,0.000,0.000,0.000,0.000,0.000,0.000,0.000,"",
9.977,Right,1.555,-0.307,-7.079,0.000,1.000,0.000,0.000,0.000,0.000,0.000,0.000,0.000,0.000,"",
9.991,Right,1.555,-0.307,-7.079,0.000,1.000,0.000,0.000,0.000,0.000,0.000,0.000,0.000,0.000,"",
10.005,Right,1.555,-0.307,-7.079,0.000,1.000,0.000,0.000,0.000,0.000,0.000,0.000,0.000,0.000,"",
10.020,Right,1.555,-0.307,-7.079,0.000,1.000,0.000,0.000,0.000,0.000,0.000,0.000,0.000,0.000,"",
10.033,Right,1.555,-0.307,-7.079,0.000,1.000,0.000,0.000,0.000,0.000,0.000,0.000,0.000,0.000,"",
10.047,Right,1.555,-0.307,-7.079,0.000,1.000,0.000,0.000,0.000,0.000,0.000,0.000,0.000,0.000,"",
10.061,Right,1.555,-0.307,-7.079,0.000,1.000,0.000,0.000,0.000,0.000,0.000,0.000,0.000,0.000,"",
10.075,Right,1.555,-0.307,-7.079,0.000,1.000,0.000,0.000,0.000,0.000,0.000,0.000,0.000,0.000,"",
10.089,Right,1.555,-0.307,-7.079,0.000,1.000,0.000,0.000,0.000,0.000,0.000,0.000,0.000,0.000,"",
10.103,Right,1.555,-0.307,-7.079,0.000,1.000,0.000,0.000,0.000,0.000,0.000,0.000,0.000,0.000,"",
10.117,Right,1.555,-0.307,-7.079,0.000,1.000,0.000,0.000,0.000,0.000,0.000,0.000,0.000,0.000,"",
10.130,Right,1.555,-0.307,-7.079,0.000,1.000,0.000,0.000,0.000,0.000,0.000,0.000,0.000,0.000,"",
10.145,Right,1.555,-0.307,-7.079,0.000,1.000,0.000,0.000,0.000,0.000,0.000,0.000,0.000,0.000,"",
10.158,Right,1.555,-0.307,-7.079,0.000,1.000,0.000,0.000,0.000,0.000,0.000,0.000,0.000,0.000,"",
10.172,Right,1.555,-0.307,-7.079,0.000,1.000,0.000,0.000,0.000,0.000,0.000,0.000,0.000,0.000,"",
10.186,Right,1.555,-0.307,-7.079,0.000,1.000,0.000,0.000,0.000,0.000,0.000,0.000,0.000,0.000,"",
10.200,Right,1.555,-0.307,-7.079,0.000,1.000,0.000,0.000,0.000,0.000,0.000,0.000,0.000,0.000,"",
10.213,Right,1.555,-0.307,-7.079,0.000,1.000,0.000,0.000,0.000,0.000,0.000,0.000,0.000,0.000,"",
10.228,Right,1.555,-0.307,-7.079,0.000,1.000,0.000,0.000,0.000,0.000,0.000,0.000,0.000,0.000,"",
10.242,Right,1.555,-0.307,-7.079,0.000,1.000,0.000,0.000,0.000,0.000,0.000,0.000,0.000,0.000,"",
10.256,Right,1.555,-0.307,-7.079,0.000,1.000,0.000,0.000,0.000,0.000,0.000,0.000,0.000,0.000,"",
10.270,Right,1.555,-0.307,-7.079,0.000,1.000,0.000,0.000,0.000,0.000,0.000,0.000,0.000,0.000,"",
10.284,Right,1.555,-0.307,-7.079,0.000,1.000,0.000,0.000,0.000,0.000,0.000,0.000,0.000,0.000,"",
10.297,Right,1.555,-0.307,-7.079,0.000,1.000,0.000,0.000,0.000,0.000,0.000,0.000,0.000,0.000,"",
10.310,Right,1.555,-0.307,-7.079,0.000,1.000,0.000,0.000,0.000,0.000,0.000,0.000,0.000,0.000,"",
10.325,Right,1.555,-0.307,-7.079,0.000,1.000,0.000,0.000,0.000,0.000,0.000,0.000,0.000,0.000,"",
10.340,Right,1.555,-0.307,-7.079,0.000,1.000,0.000,0.000,0.000,0.000,0.000,0.000,0.000,0.000,"",
10.354,Right,1.555,-0.307,-7.079,0.000,1.000,0.000,0.000,0.000,0.000,0.000,0.000,0.000,0.000,"",
10.366,Right,1.555,-0.307,-7.079,0.000,1.000,0.000,0.000,0.000,0.000,0.000,0.000,0.000,0.000,"",
10.380,Right,1.555,-0.307,-7.079,0.000,1.000,0.000,0.000,0.000,0.000,0.000,0.000,0.000,0.000,"",
10.394,Right,1.555,-0.307,-7.079,0.000,1.000,0.000,0.000,0.000,0.000,0.000,0.000,0.000,0.000,"",
10.408,Right,1.555,-0.307,-7.079,0.000,1.000,0.000,0.000,0.000,0.000,0.000,0.000,0.000,0.000,"",
10.423,Right,1.555,-0.307,-7.079,0.000,1.000,0.000,0.000,0.000,0.000,0.000,0.000,0.000,0.000,"",
10.436,Right,1.555,-0.307,-7.079,0.000,1.000,0.000,0.000,0.000,0.000,0.000,0.000,0.000,0.000,"",
10.449,Right,1.555,-0.307,-7.079,0.000,1.000,0.000,0.000,0.000,0.000,0.000,0.000,0.000,0.000,"",
10.464,Right,1.555,-0.307,-7.079,0.000,1.000,0.000,0.000,0.000,0.000,0.000,0.000,0.000,0.000,"",
10.478,Right,1.555,-0.307,-7.079,0.000,1.000,0.000,0.000,0.000,0.000,0.000,0.000,0.000,0.000,"",
10.492,Right,1.555,-0.307,-7.079,0.000,1.000,0.000,0.000,0.000,0.000,0.000,0.000,0.000,0.000,"",
10.506,Right,1.555,-0.307,-7.079,0.000,1.000,0.000,0.000,0.000,0.000,0.000,0.000,0.000,0.000,"",
10.519,Right,1.555,-0.307,-7.079,0.000,1.000,0.000,0.000,0.000,0.000,0.000,0.000,0.000,0.000,"",
10.533,Right,1.555,-0.307,-7.079,0.000,1.000,0.000,0.000,0.000,0.000,0.000,0.000,0.000,0.000,"",
10.547,Right,1.555,-0.307,-7.079,0.000,1.000,0.000,0.000,0.000,0.000,0.000,0.000,0.000,0.000,"",
10.561,Right,1.555,-0.307,-7.079,0.000,1.000,0.000,0.000,0.000,0.000,0.000,0.000,0.000,0.000,"",
10.575,Right,1.555,-0.307,-7.079,0.000,1.000,0.000,0.000,0.000,0.000,0.000,0.000,0.000,0.000,"",
10.588,Right,1.555,-0.307,-7.079,0.000,1.000,0.000,0.000,0.000,0.000,0.000,0.000,0.000,0.000,"",
10.603,Right,1.555,-0.307,-7.079,0.000,1.000,0.000,0.000,0.000,0.000,0.000,0.000,0.000,0.000,"",
10.617,Right,1.555,-0.307,-7.079,0.000,1.000,0.000,0.000,0.000,0.000,0.000,0.000,0.000,0.000,"",
10.630,Right,1.555,-0.307,-7.079,0.000,1.000,0.000,0.000,0.000,0.000,0.000,0.000,0.000,0.000,"",
10.645,Right,1.555,-0.307,-7.079,0.000,1.000,0.000,0.000,0.000,0.000,0.000,0.000,0.000,0.000,"",
10.658,Right,1.555,-0.307,-7.079,0.000,1.000,0.000,0.000,0.000,0.000,0.000,0.000,0.000,0.000,"",
10.672,Right,1.555,-0.307,-7.079,0.000,1.000,0.000,0.000,0.000,0.000,0.000,0.000,0.000,0.000,"",
10.686,Right,1.555,-0.307,-7.079,0.000,1.000,0.000,0.000,0.000,0.000,0.000,0.000,0.000,0.000,"",
10.700,Right,1.555,-0.307,-7.079,0.000,1.000,0.000,0.000,0.000,0.000,0.000,0.000,0.000,0.000,"",
10.713,Right,1.555,-0.307,-7.079,0.000,1.000,0.000,0.000,0.000,0.000,0.000,0.000,0.000,0.000,"",
10.728,Right,1.555,-0.307,-7.079,0.000,1.000,0.000,0.000,0.000,0.000,0.000,0.000,0.000,0.000,"",
10.742,Right,1.555,-0.307,-7.079,0.000,1.000,0.000,0.000,0.000,0.000,0.000,0.000,0.000,0.000,"",
10.755,Right,1.555,-0.307,-7.079,0.000,1.000,0.000,0.000,0.000,0.000,0.000,0.000,0.000,0.000,"",
10.769,Right,1.555,-0.307,-7.079,0.000,1.000,0.000,0.000,0.000,0.000,0.000,0.000,0.000,0.000,"",
10.783,Right,1.555,-0.307,-7.079,0.000,1.000,0.000,0.000,0.000,0.000,0.000,0.000,0.000,0.000,"",
10.798,Right,1.555,-0.307,-7.079,0.000,1.000,0.000,0.000,0.000,0.000,0.000,0.000,0.000,0.000,"",
10.812,Right,1.555,-0.307,-7.079,0.000,1.000,0.000,0.000,0.000,0.000,0.000,0.000,0.000,0.000,"",
10.825,Right,1.555,-0.307,-7.079,0.000,1.000,0.000,0.000,0.000,0.000,0.000,0.000,0.000,0.000,"",
10.839,Right,1.555,-0.307,-7.079,0.000,1.000,0.000,0.000,0.000,0.000,0.000,0.000,0.000,0.000,"",
10.852,Right,1.555,-0.307,-7.079,0.000,1.000,0.000,0.000,0.000,0.000,0.000,0.000,0.000,0.000,"",
10.867,Right,1.555,-0.307,-7.079,0.000,1.000,0.000,0.000,0.000,0.000,0.000,0.000,0.000,0.000,"",
10.880,Right,1.555,-0.307,-7.079,0.000,1.000,0.000,0.000,0.000,0.000,0.000,0.000,0.000,0.000,"",
10.895,Right,1.555,-0.307,-7.079,0.000,1.000,0.000,0.000,0.000,0.000,0.000,0.000,0.000,0.000,"",
10.908,Right,1.555,-0.307,-7.079,0.000,1.000,0.000,0.000,0.000,0.000,0.000,0.000,0.000,0.000,"",
10.922,Right,1.555,-0.307,-7.079,0.000,1.000,0.000,0.000,0.000,0.000,0.000,0.000,0.000,0.000,"",
10.936,Right,1.555,-0.307,-7.079,0.000,1.000,0.000,0.000,0.000,0.000,0.000,0.000,0.000,0.000,"",
10.950,Right,1.555,-0.307,-7.079,0.000,1.000,0.000,0.000,0.000,0.000,0.000,0.000,0.000,0.000,"",
10.964,Right,1.555,-0.307,-7.079,0.000,1.000,0.000,0.000,0.000,0.000,0.000,0.000,0.000,0.000,"",
10.979,Right,1.555,-0.307,-7.079,0.000,1.000,0.000,0.000,0.000,0.000,0.000,0.000,0.000,0.000,"",
10.991,Right,1.555,-0.307,-7.079,0.000,1.000,0.000,0.000,0.000,0.000,0.000,0.000,0.000,0.000,"",
11.006,Right,1.555,-0.307,-7.079,0.000,1.000,0.000,0.000,0.000,0.000,0.000,0.000,0.000,0.000,"",
11.019,Right,1.555,-0.307,-7.079,0.000,1.000,0.000,0.000,0.000,0.000,0.000,0.000,0.000,0.000,"",
11.033,Right,1.555,-0.307,-7.079,0.000,1.000,0.000,0.000,0.000,0.000,0.000,0.000,0.000,0.000,"",
11.047,Right,1.555,-0.307,-7.079,0.000,1.000,0.000,0.000,0.000,0.000,0.000,0.000,0.000,0.000,"",
11.061,Right,1.555,-0.307,-7.079,0.000,1.000,0.000,0.000,0.000,0.000,0.000,0.000,0.000,0.000,"",
11.075,Right,1.555,-0.307,-7.079,0.000,1.000,0.000,0.000,0.000,0.000,0.000,0.000,0.000,0.000,"",
11.089,Right,1.555,-0.307,-7.079,0.000,1.000,0.000,0.000,0.000,0.000,0.000,0.000,0.000,0.000,"",
11.103,Right,1.555,-0.307,-7.079,0.000,1.000,0.000,0.000,0.000,0.000,0.000,0.000,0.000,0.000,"",
11.117,Right,1.555,-0.307,-7.079,0.000,1.000,0.000,0.000,0.000,0.000,0.000,0.000,0.000,0.000,"",
11.130,Right,1.555,-0.307,-7.079,0.000,1.000,0.000,0.000,0.000,0.000,0.000,0.000,0.000,0.000,"",
11.145,Right,1.555,-0.307,-7.079,0.000,1.000,0.000,0.000,0.000,0.000,0.000,0.000,0.000,0.000,"",
11.159,Right,1.555,-0.307,-7.079,0.000,1.000,0.000,0.000,0.000,0.000,0.000,0.000,0.000,0.000,"",
11.172,Right,1.555,-0.307,-7.079,0.000,1.000,0.000,0.000,0.000,0.000,0.000,0.000,0.000,0.000,"",
11.186,Right,1.555,-0.307,-7.079,0.000,1.000,0.000,0.000,0.000,0.000,0.000,0.000,0.000,0.000,"",
11.201,Right,1.555,-0.307,-7.079,0.000,1.000,0.000,0.000,0.000,0.000,0.000,0.000,0.000,0.000,"",
11.215,Right,1.555,-0.307,-7.079,0.000,1.000,0.000,0.000,0.000,0.000,0.000,0.000,0.000,0.000,"",
11.228,Right,1.555,-0.307,-7.079,0.000,1.000,0.000,0.000,0.000,0.000,0.000,0.000,0.000,0.000,"",
11.243,Right,1.555,-0.307,-7.079,0.000,1.000,0.000,0.000,0.000,0.000,0.000,0.000,0.000,0.000,"",
11.257,Right,1.555,-0.307,-7.079,0.000,1.000,0.000,0.000,0.000,0.000,0.000,0.000,0.000,0.000,"",
11.270,Right,1.555,-0.307,-7.079,0.000,1.000,0.000,0.000,0.000,0.000,0.000,0.000,0.000,0.000,"",
11.284,Right,1.555,-0.307,-7.079,0.000,1.000,0.000,0.000,0.000,0.000,0.000,0.000,0.000,0.000,"",
11.298,Right,1.555,-0.307,-7.079,0.000,1.000,0.000,0.000,0.000,0.000,0.000,0.000,0.000,0.000,"",
11.311,Right,1.555,-0.307,-7.079,0.000,1.000,0.000,0.000,0.000,0.000,0.000,0.000,0.000,0.000,"",
11.325,Right,1.555,-0.307,-7.079,0.000,1.000,0.000,0.000,0.000,0.000,0.000,0.000,0.000,0.000,"",
11.339,Right,1.555,-0.307,-7.079,0.000,1.000,0.000,0.000,0.000,0.000,0.000,0.000,0.000,0.000,"",
11.353,Right,1.555,-0.307,-7.079,0.000,1.000,0.000,0.000,0.000,0.000,0.000,0.000,0.000,0.000,"",
11.367,Right,1.555,-0.307,-7.079,0.000,1.000,0.000,0.000,0.000,0.000,0.000,0.000,0.000,0.000,"",
11.381,Right,1.555,-0.307,-7.079,0.000,1.000,0.000,0.000,0.000,0.000,0.000,0.000,0.000,0.000,"",
11.395,Right,1.555,-0.307,-7.079,0.000,1.000,0.000,0.000,0.000,0.000,0.000,0.000,0.000,0.000,"",
11.408,Right,1.555,-0.307,-7.079,0.000,1.000,0.000,0.000,0.000,0.000,0.000,0.000,0.000,0.000,"",
11.423,Right,1.555,-0.307,-7.079,0.000,1.000,0.000,0.000,0.000,0.000,0.000,0.000,0.000,0.000,"",
11.437,Right,1.555,-0.307,-7.079,0.000,1.000,0.000,0.000,0.000,0.000,0.000,0.000,0.000,0.000,"",
11.450,Right,1.555,-0.307,-7.079,0.000,1.000,0.000,0.000,0.000,0.000,0.000,0.000,0.000,0.000,"",
11.464,Right,1.555,-0.307,-7.079,0.000,1.000,0.000,0.000,0.000,0.000,0.000,0.000,0.000,0.000,"",
11.478,Right,1.555,-0.307,-7.079,0.000,1.000,0.000,0.000,0.000,0.000,0.000,0.000,0.000,0.000,"",
11.492,Right,1.555,-0.307,-7.079,0.000,1.000,0.000,0.000,0.000,0.000,0.000,0.000,0.000,0.000,"",
11.506,Right,1.555,-0.307,-7.079,0.000,1.000,0.000,0.000,0.000,0.000,0.000,0.000,0.000,0.000,"",
11.520,Right,1.555,-0.307,-7.079,0.000,1.000,0.000,0.000,0.000,0.000,0.000,0.000,0.000,0.000,"",
11.533,Right,1.555,-0.307,-7.079,0.000,1.000,0.000,0.000,0.000,0.000,0.000,0.000,0.000,0.000,"",
11.548,Right,1.555,-0.307,-7.079,0.000,1.000,0.000,0.000,0.000,0.000,0.000,0.000,0.000,0.000,"",
11.564,Right,1.555,-0.307,-7.079,0.000,1.000,0.000,0.000,0.000,0.000,0.000,0.000,0.000,0.000,"",
11.576,Right,1.555,-0.307,-7.079,0.000,1.000,0.000,0.000,0.000,0.000,0.000,0.000,0.000,0.000,"",
11.590,Right,1.555,-0.307,-7.079,0.000,1.000,0.000,0.000,0.000,0.000,0.000,0.000,0.000,0.000,"",
11.605,Right,1.555,-0.307,-7.079,0.000,1.000,0.000,0.000,0.000,0.000,0.000,0.000,0.000,0.000,"",
11.618,Right,1.555,-0.307,-7.079,0.000,1.000,0.000,0.000,0.000,0.000,0.000,0.000,0.000,0.000,"",
11.631,Right,1.555,-0.307,-7.079,0.000,1.000,0.000,0.000,0.000,0.000,0.000,0.000,0.000,0.000,"",
11.646,Right,1.555,-0.307,-7.079,0.000,1.000,0.000,0.000,0.000,0.000,0.000,0.000,0.000,0.000,"",
11.660,Right,1.555,-0.307,-7.079,0.000,1.000,0.000,0.000,0.000,0.000,0.000,0.000,0.000,0.000,"",
11.673,Right,1.555,-0.307,-7.079,0.000,1.000,0.000,0.000,0.000,0.000,0.000,0.000,0.000,0.000,"",
11.687,Right,1.555,-0.307,-7.079,0.000,1.000,0.000,0.000,0.000,0.000,0.000,0.000,0.000,0.000,"",
11.701,Right,1.555,-0.307,-7.079,0.000,1.000,0.000,0.000,0.000,0.000,0.000,0.000,0.000,0.000,"",
11.716,Right,1.555,-0.307,-7.079,0.000,1.000,0.000,0.000,0.000,0.000,0.000,0.000,0.000,0.000,"",
11.729,Right,1.555,-0.307,-7.079,0.000,1.000,0.000,0.000,0.000,0.000,0.000,0.000,0.000,0.000,"",
11.742,Right,1.555,-0.307,-7.079,0.000,1.000,0.000,0.000,0.000,0.000,0.000,0.000,0.000,0.000,"",
11.757,Right,1.555,-0.307,-7.079,0.000,1.000,0.000,0.000,0.000,0.000,0.000,0.000,0.000,0.000,"",
11.770,Right,1.555,-0.307,-7.079,0.000,1.000,0.000,0.000,0.000,0.000,0.000,0.000,0.000,0.000,"",
11.787,Right,1.555,-0.307,-7.079,0.000,1.000,0.000,0.000,0.000,0.000,0.000,0.000,0.000,0.000,"",
11.799,Right,1.555,-0.307,-7.079,0.000,1.000,0.000,0.000,0.000,0.000,0.000,0.000,0.000,0.000,"",
11.812,Right,1.555,-0.307,-7.079,0.000,1.000,0.000,0.000,0.000,0.000,0.000,0.000,0.000,0.000,"",
11.826,Right,1.555,-0.307,-7.079,0.000,1.000,0.000,0.000,0.000,0.000,0.000,0.000,0.000,0.000,"",
11.840,Right,1.555,-0.307,-7.079,0.000,1.000,0.000,0.000,0.000,0.000,0.000,0.000,0.000,0.000,"",
11.853,Right,1.555,-0.307,-7.079,0.000,1.000,0.000,0.000,0.000,0.000,0.000,0.000,0.000,0.000,"",
11.867,Right,1.555,-0.307,-7.079,0.000,1.000,0.000,0.000,0.000,0.000,0.000,0.000,0.000,0.000,"",
11.881,Right,1.555,-0.307,-7.079,0.000,1.000,0.000,0.000,0.000,0.000,0.000,0.000,0.000,0.000,"",
11.895,Right,1.555,-0.307,-7.079,0.000,1.000,0.000,0.000,0.000,0.000,0.000,0.000,0.000,0.000,"",
11.909,Right,1.555,-0.307,-7.079,0.000,1.000,0.000,0.000,0.000,0.000,0.000,0.000,0.000,0.000,"",
11.924,Right,1.555,-0.307,-7.079,0.000,1.000,0.000,0.000,0.000,0.000,0.000,0.000,0.000,0.000,"",
11.937,Right,1.555,-0.307,-7.079,0.000,1.000,0.000,0.000,0.000,0.000,0.000,0.000,0.000,0.000,"",
11.951,Right,1.555,-0.307,-7.079,0.000,1.000,0.000,0.000,0.000,0.000,0.000,0.000,0.000,0.000,"",
11.965,Right,1.555,-0.307,-7.079,0.000,1.000,0.000,0.000,0.000,0.000,0.000,0.000,0.000,0.000,"",
11.979,Right,1.555,-0.307,-7.079,0.000,1.000,0.000,0.000,0.000,0.000,0.000,0.000,0.000,0.000,"",
11.992,Right,1.555,-0.307,-7.079,0.000,1.000,0.000,0.000,0.000,0.000,0.000,0.000,0.000,0.000,"",
12.007,Right,1.555,-0.307,-7.079,0.000,1.000,0.000,0.000,0.000,0.000,0.000,0.000,0.000,0.000,"",
12.020,Right,1.555,-0.307,-7.079,0.000,1.000,0.000,0.000,0.000,0.000,0.000,0.000,0.000,0.000,"",
12.034,Right,1.555,-0.307,-7.079,0.000,1.000,0.000,0.000,0.000,0.000,0.000,0.000,0.000,0.000,"",
12.047,Right,1.555,-0.307,-7.079,0.000,1.000,0.000,0.000,0.000,0.000,0.000,0.000,0.000,0.000,"",
12.062,Right,1.555,-0.307,-7.079,0.000,1.000,0.000,0.000,0.000,0.000,0.000,0.000,0.000,0.000,"",
12.075,Right,1.555,-0.307,-7.079,0.000,1.000,0.000,0.000,0.000,0.000,0.000,0.000,0.000,0.000,"",
12.089,Right,1.555,-0.307,-7.079,0.000,1.000,0.000,0.000,0.000,0.000,0.000,0.000,0.000,0.000,"",
12.104,Right,1.555,-0.307,-7.079,0.000,1.000,0.000,0.000,0.000,0.000,0.000,0.000,0.000,0.000,"",
12.118,Right,1.555,-0.307,-7.079,0.000,1.000,0.000,0.000,0.000,0.000,0.000,0.000,0.000,0.000,"",
12.131,Right,1.555,-0.307,-7.079,0.000,1.000,0.000,0.000,0.000,0.000,0.000,0.000,0.000,0.000,"",
12.146,Right,1.555,-0.307,-7.079,0.000,1.000,0.000,0.000,0.000,0.000,0.000,0.000,0.000,0.000,"",
12.159,Right,1.555,-0.307,-7.079,0.000,1.000,0.000,0.000,0.000,0.000,0.000,0.000,0.000,0.000,"",
12.173,Right,1.555,-0.307,-7.079,0.000,1.000,0.000,0.000,0.000,0.000,0.000,0.000,0.000,0.000,"",
12.187,Right,1.555,-0.307,-7.079,0.000,1.000,0.000,0.000,0.000,0.000,0.000,0.000,0.000,0.000,"",
12.201,Right,1.555,-0.307,-7.079,0.000,1.000,0.000,0.000,0.000,0.000,0.000,0.000,0.000,0.000,"",
12.215,Right,1.555,-0.307,-7.079,0.000,1.000,0.000,0.000,0.000,0.000,0.000,0.000,0.000,0.000,"",
12.228,Right,1.555,-0.307,-7.079,0.000,1.000,0.000,0.000,0.000,0.000,0.000,0.000,0.000,0.000,"",
12.243,Right,1.555,-0.307,-7.079,0.000,1.000,0.000,0.000,0.000,0.000,0.000,0.000,0.000,0.000,"",
12.258,Right,1.555,-0.307,-7.079,0.000,1.000,0.000,0.000,0.000,0.000,0.000,0.000,0.000,0.000,"",
12.272,Right,1.555,-0.307,-7.079,0.000,1.000,0.000,0.000,0.000,0.000,0.000,0.000,0.000,0.000,"",
12.291,Right,1.555,-0.307,-7.079,0.000,1.000,0.000,0.000,0.000,0.000,0.000,0.000,0.000,0.000,"",
12.298,Right,1.555,-0.307,-7.079,0.000,1.000,0.000,0.000,0.000,0.000,0.000,0.000,0.000,0.000,"",
12.311,Right,1.555,-0.307,-7.079,0.000,1.000,0.000,0.000,0.000,0.000,0.000,0.000,0.000,0.000,"",
12.325,Right,1.555,-0.307,-7.079,0.000,1.000,0.000,0.000,0.000,0.000,0.000,0.000,0.000,0.000,"",
12.339,Right,1.555,-0.307,-7.079,0.000,1.000,0.000,0.000,0.000,0.000,0.000,0.000,0.000,0.000,"",
12.353,Right,1.555,-0.307,-7.079,0.000,1.000,0.000,0.000,0.000,0.000,0.000,0.000,0.000,0.000,"",
12.367,Right,1.555,-0.307,-7.079,0.000,1.000,0.000,0.000,0.000,0.000,0.000,0.000,0.000,0.000,"",
12.381,Right,1.555,-0.307,-7.079,0.000,1.000,0.000,0.000,0.000,0.000,0.000,0.000,0.000,0.000,"",
12.395,Right,1.555,-0.307,-7.079,0.000,1.000,0.000,0.000,0.000,0.000,0.000,0.000,0.000,0.000,"",
12.408,Right,1.555,-0.307,-7.079,0.000,1.000,0.000,0.000,0.000,0.000,0.000,0.000,0.000,0.000,"",
12.422,Right,1.555,-0.307,-7.079,0.000,1.000,0.000,0.000,0.000,0.000,0.000,0.000,0.000,0.000,"",
12.436,Right,1.555,-0.307,-7.079,0.000,1.000,0.000,0.000,0.000,0.000,0.000,0.000,0.000,0.000,"",
12.450,Right,1.555,-0.307,-7.079,0.000,1.000,0.000,0.000,0.000,0.000,0.000,0.000,0.000,0.000,"",
12.464,Right,1.555,-0.307,-7.079,0.000,1.000,0.000,0.000,0.000,0.000,0.000,0.000,0.000,0.000,"",
12.478,Right,1.555,-0.307,-7.079,0.000,1.000,0.000,0.000,0.000,0.000,0.000,0.000,0.000,0.000,"",
12.491,Right,1.555,-0.307,-7.079,0.000,1.000,0.000,0.000,0.000,0.000,0.000,0.000,0.000,0.000,"",
12.506,Right,1.555,-0.307,-7.079,0.000,1.000,0.000,0.000,0.000,0.000,0.000,0.000,0.000,0.000,"",
12.520,Right,1.555,-0.307,-7.079,0.000,1.000,0.000,0.000,0.000,0.000,0.000,0.000,0.000,0.000,"",
12.534,Right,1.555,-0.307,-7.079,0.000,1.000,0.000,0.000,0.000,0.000,0.000,0.000,0.000,0.000,"",
12.548,Right,1.555,-0.307,-7.079,0.000,1.000,0.000,0.000,0.000,0.000,0.000,0.000,0.000,0.000,"",
12.563,Right,1.555,-0.307,-7.079,0.000,1.000,0.000,0.000,0.000,0.000,0.000,0.000,0.000,0.000,"",
12.577,Right,1.555,-0.307,-7.079,0.000,1.000,0.000,0.000,0.000,0.000,0.000,0.000,0.000,0.000,"",
12.589,Right,1.555,-0.307,-7.079,0.000,1.000,0.000,0.000,0.000,0.000,0.000,0.000,0.000,0.000,"",
12.603,Right,1.555,-0.307,-7.079,0.000,1.000,0.000,0.000,0.000,0.000,0.000,0.000,0.000,0.000,"",
12.617,Right,1.555,-0.307,-7.079,0.000,1.000,0.000,0.000,0.000,0.000,0.000,0.000,0.000,0.000,"",
12.630,Right,1.555,-0.307,-7.079,0.000,1.000,0.000,0.000,0.000,0.000,0.000,0.000,0.000,0.000,"",
12.645,Right,1.555,-0.307,-7.079,0.000,1.000,0.000,0.000,0.000,0.000,0.000,0.000,0.000,0.000,"",
12.658,Right,1.555,-0.307,-7.079,0.000,1.000,0.000,0.000,0.000,0.000,0.000,0.000,0.000,0.000,"",
12.672,Right,1.555,-0.307,-7.079,0.000,1.000,0.000,0.000,0.000,0.000,0.000,0.000,0.000,0.000,"",
12.686,Right,1.555,-0.307,-7.079,0.000,1.000,0.000,0.000,0.000,0.000,0.000,0.000,0.000,0.000,"",
12.700,Right,1.555,-0.307,-7.079,0.000,1.000,0.000,0.000,0.000,0.000,0.000,0.000,0.000,0.000,"",
12.722,Right,1.555,-0.307,-7.079,0.000,1.000,0.000,0.000,0.000,0.000,0.000,0.000,0.000,0.000,"",
12.729,Right,1.555,-0.307,-7.079,0.000,1.000,0.000,0.000,0.000,0.000,0.000,0.000,0.000,0.000,"",
12.742,Right,1.555,-0.307,-7.079,0.000,1.000,0.000,0.000,0.000,0.000,0.000,0.000,0.000,0.000,"",
12.756,Right,1.555,-0.307,-7.079,0.000,1.000,0.000,0.000,0.000,0.000,0.000,0.000,0.000,0.000,"",
12.852,Right,1.555,-0.307,-7.079,0.000,1.000,0.000,0.000,0.000,0.000,0.000,0.000,0.000,0.000,"",
