Timestamp,Hand,PosX,PosY,PosZ,RotX,RotY,RotZ,RotW,VelX,VelY,VelZ,AccX,AccY,AccZ,GrabEvent
1.741,Right,-3.795,-0.279,-1.239,0.000,1.000,0.000,0.000,0.000,0.000,0.000,0.000,0.000,0.000,"",
1.995,Right,-3.795,-0.279,-1.239,0.000,1.000,0.000,0.000,0.000,0.000,0.000,0.000,0.000,0.000,"",
2.058,Right,-3.795,-0.279,-1.239,0.000,1.000,0.000,0.000,0.000,0.000,0.000,0.000,0.000,0.000,"",
2.095,Right,-3.795,-0.279,-1.239,0.000,1.000,0.000,0.000,0.000,0.000,0.000,0.000,0.000,0.000,"",
2.118,Right,-3.795,-0.279,-1.239,0.000,1.000,0.000,0.000,0.000,0.000,0.000,0.000,0.000,0.000,"",
2.132,Right,-3.795,-0.279,-1.239,0.000,1.000,0.000,0.000,0.000,0.000,0.000,0.000,0.000,0.000,"",
2.157,Right,-3.795,-0.279,-1.239,0.000,1.000,0.000,0.000,0.000,0.000,0.000,0.000,0.000,0.000,"",
2.173,Right,-3.795,-0.279,-1.239,0.000,1.000,0.000,0.000,0.000,0.000,0.000,0.000,0.000,0.000,"",
2.199,Right,-3.795,-0.279,-1.239,0.000,1.000,0.000,0.000,0.000,0.000,0.000,0.000,0.000,0.000,"",
2.214,Right,-3.795,-0.279,-1.239,0.000,1.000,0.000,0.000,0.000,0.000,0.000,0.000,0.000,0.000,"",
2.240,Right,-3.795,-0.279,-1.239,0.000,1.000,0.000,0.000,0.000,0.000,0.000,0.000,0.000,0.000,"",
2.255,Right,-3.795,-0.279,-1.239,0.000,1.000,0.000,0.000,0.000,0.000,0.000,0.000,0.000,0.000,"",
2.279,Right,-3.795,-0.279,-1.239,0.000,1.000,0.000,0.000,0.000,0.000,0.000,0.000,0.000,0.000,"",
2.296,Right,-3.795,-0.279,-1.239,0.000,1.000,0.000,0.000,0.000,0.000,0.000,0.000,0.000,0.000,"",
2.321,Right,-3.795,-0.279,-1.239,0.000,1.000,0.000,0.000,0.000,0.000,0.000,0.000,0.000,0.000,"",
2.338,Right,-3.795,-0.279,-1.239,0.000,1.000,0.000,0.000,0.000,0.000,0.000,0.000,0.000,0.000,"",
2.361,Right,-3.795,-0.279,-1.239,0.000,1.000,0.000,0.000,0.000,0.000,0.000,0.000,0.000,0.000,"",
2.377,Right,-3.795,-0.279,-1.239,0.000,1.000,0.000,0.000,0.000,0.000,0.000,0.000,0.000,0.000,"",
2.392,Right,-3.795,-0.279,-1.239,0.000,1.000,0.000,0.000,0.000,0.000,0.000,0.000,0.000,0.000,"",
2.407,Right,-3.795,-0.279,-1.239,0.000,1.000,0.000,0.000,0.000,0.000,0.000,0.000,0.000,0.000,"",
2.433,Right,-3.795,-0.279,-1.239,0.000,1.000,0.000,0.000,0.000,0.000,0.000,0.000,0.000,0.000,"",
2.448,Right,-3.795,-0.279,-1.239,0.000,1.000,0.000,0.000,0.000,0.000,0.000,0.000,0.000,0.000,"",
2.477,Right,-3.795,-0.279,-1.239,0.000,1.000,0.000,0.000,0.000,0.000,0.000,0.000,0.000,0.000,"",
2.504,Right,-3.795,-0.279,-1.239,0.000,1.000,0.000,0.000,0.000,0.000,0.000,0.000,0.000,0.000,"",
2.532,Right,-3.795,-0.279,-1.239,0.000,1.000,0.000,0.000,0.000,0.000,0.000,0.000,0.000,0.000,"",
2.559,Right,-3.795,-0.279,-1.239,0.000,1.000,0.000,0.000,0.000,0.000,0.000,0.000,0.000,0.000,"",
2.583,Right,-3.795,-0.279,-1.239,0.000,1.000,0.000,0.000,0.000,0.000,0.000,0.000,0.000,0.000,"",
2.597,Right,-3.795,-0.279,-1.239,0.000,1.000,0.000,0.000,0.000,0.000,0.000,0.000,0.000,0.000,"",
2.610,Right,-3.795,-0.279,-1.239,0.000,1.000,0.000,0.000,0.000,0.000,0.000,0.000,0.000,0.000,"",
2.625,Right,-3.795,-0.279,-1.239,0.000,1.000,0.000,0.000,0.000,0.000,0.000,0.000,0.000,0.000,"",
2.640,Right,-3.795,-0.279,-1.239,0.000,1.000,0.000,0.000,0.000,0.000,0.000,0.000,0.000,0.000,"",
2.653,Right,-3.795,-0.279,-1.239,0.000,1.000,0.000,0.000,0.000,0.000,0.000,0.000,0.000,0.000,"",
2.669,Right,-3.795,-0.279,-1.239,0.000,1.000,0.000,0.000,0.000,0.000,0.000,0.000,0.000,0.000,"",
2.683,Right,-3.795,-0.279,-1.239,0.000,1.000,0.000,0.000,0.000,0.000,0.000,0.000,0.000,0.000,"",
2.697,Right,-3.795,-0.279,-1.239,0.000,1.000,0.000,0.000,0.000,0.000,0.000,0.000,0.000,0.000,"",
2.709,Right,-3.795,-0.279,-1.239,0.000,1.000,0.000,0.000,0.000,0.000,0.000,0.000,0.000,0.000,"",
2.724,Right,-3.795,-0.279,-1.239,0.000,1.000,0.000,0.000,0.000,0.000,0.000,0.000,0.000,0.000,"",
2.739,Right,-3.795,-0.279,-1.239,0.000,1.000,0.000,0.000,0.000,0.000,0.000,0.000,0.000,0.000,"",
2.750,Right,-3.795,-0.279,-1.239,0.000,1.000,0.000,0.000,0.000,0.000,0.000,0.000,0.000,0.000,"",
2.766,Right,-3.795,-0.279,-1.239,0.000,1.000,0.000,0.000,0.000,0.000,0.000,0.000,0.000,0.000,"",
2.779,Right,-3.795,-0.279,-1.239,0.000,1.000,0.000,0.000,0.000,0.000,0.000,0.000,0.000,0.000,"",
2.793,Right,-3.795,-0.279,-1.239,0.000,1.000,0.000,0.000,0.000,0.000,0.000,0.000,0.000,0.000,"",
2.808,Right,-3.795,-0.279,-1.239,0.000,1.000,0.000,0.000,0.000,0.000,0.000,0.000,0.000,0.000,"",
2.822,Right,-3.795,-0.279,-1.239,0.000,1.000,0.000,0.000,0.000,0.000,0.000,0.000,0.000,0.000,"",
2.836,Right,-3.795,-0.279,-1.239,0.000,1.000,0.000,0.000,0.000,0.000,0.000,0.000,0.000,0.000,"",
2.849,Right,-3.795,-0.279,-1.239,0.000,1.000,0.000,0.000,0.000,0.000,0.000,0.000,0.000,0.000,"",
2.864,Right,-3.795,-0.279,-1.239,0.000,1.000,0.000,0.000,0.000,0.000,0.000,0.000,0.000,0.000,"",
2.878,Right,-3.795,-0.279,-1.239,0.000,1.000,0.000,0.000,0.000,0.000,0.000,0.000,0.000,0.000,"",
2.891,Right,-3.795,-0.279,-1.239,0.000,1.000,0.000,0.000,0.000,0.000,0.000,0.000,0.000,0.000,"",
2.905,Right,-3.795,-0.279,-1.239,0.000,1.000,0.000,0.000,0.000,0.000,0.000,0.000,0.000,0.000,"",
2.919,Right,-3.795,-0.279,-1.239,0.000,1.000,0.000,0.000,0.000,0.000,0.000,0.000,0.000,0.000,"",
2.933,Right,-3.795,-0.279,-1.239,0.000,1.000,0.000,0.000,0.000,0.000,0.000,0.000,0.000,0.000,"",
2.949,Right,-3.795,-0.279,-1.239,0.000,1.000,0.000,0.000,0.000,0.000,0.000,0.000,0.000,0.000,"",
2.962,Right,-3.795,-0.279,-1.239,0.000,1.000,0.000,0.000,0.000,0.000,0.000,0.000,0.000,0.000,"",
2.977,Right,-3.795,-0.279,-1.239,0.000,1.000,0.000,0.000,0.000,0.000,0.000,0.000,0.000,0.000,"",
2.990,Right,-3.795,-0.279,-1.239,0.000,1.000,0.000,0.000,0.000,0.000,0.000,0.000,0.000,0.000,"",
3.004,Right,-3.795,-0.279,-1.239,0.000,1.000,0.000,0.000,0.000,0.000,0.000,0.000,0.000,0.000,"",
3.018,Right,-3.795,-0.279,-1.239,0.000,1.000,0.000,0.000,0.000,0.000,0.000,0.000,0.000,0.000,"",
3.030,Right,-3.795,-0.279,-1.239,0.000,1.000,0.000,0.000,0.000,0.000,0.000,0.000,0.000,0.000,"",
3.046,Right,-3.795,-0.279,-1.239,0.000,1.000,0.000,0.000,0.000,0.000,0.000,0.000,0.000,0.000,"",
3.060,Right,-3.795,-0.279,-1.239,0.000,1.000,0.000,0.000,0.000,0.000,0.000,0.000,0.000,0.000,"",
3.073,Right,-3.795,-0.279,-1.239,0.000,1.000,0.000,0.000,0.000,0.000,0.000,0.000,0.000,0.000,"",
3.087,Right,-3.795,-0.279,-1.239,0.000,1.000,0.000,0.000,0.000,0.000,0.000,0.000,0.000,0.000,"",
3.102,Right,-3.795,-0.279,-1.239,0.000,1.000,0.000,0.000,0.000,0.000,0.000,0.000,0.000,0.000,"",
3.116,Right,-3.795,-0.279,-1.239,0.000,1.000,0.000,0.000,0.000,0.000,0.000,0.000,0.000,0.000,"",
3.129,Right,-3.795,-0.279,-1.239,0.000,1.000,0.000,0.000,0.000,0.000,0.000,0.000,0.000,0.000,"",
3.143,Right,-3.795,-0.279,-1.239,0.000,1.000,0.000,0.000,0.000,0.000,0.000,0.000,0.000,0.000,"",
3.157,Right,-3.795,-0.279,-1.239,0.000,1.000,0.000,0.000,0.000,0.000,0.000,0.000,0.000,0.000,"",
3.169,Right,-3.795,-0.279,-1.239,0.000,1.000,0.000,0.000,0.000,0.000,0.000,0.000,0.000,0.000,"",
3.185,Right,-3.795,-0.279,-1.239,0.000,1.000,0.000,0.000,0.000,0.000,0.000,0.000,0.000,0.000,"",
3.199,Right,-3.795,-0.279,-1.239,0.000,1.000,0.000,0.000,0.000,0.000,0.000,0.000,0.000,0.000,"",
3.213,Right,-3.795,-0.279,-1.239,0.000,1.000,0.000,0.000,0.000,0.000,0.000,0.000,0.000,0.000,"",
3.228,Right,-3.795,-0.279,-1.239,0.000,1.000,0.000,0.000,0.000,0.000,0.000,0.000,0.000,0.000,"",
3.241,Right,-3.795,-0.279,-1.239,0.000,1.000,0.000,0.000,0.000,0.000,0.000,0.000,0.000,0.000,"",
3.255,Right,-3.795,-0.279,-1.239,0.000,1.000,0.000,0.000,0.000,0.000,0.000,0.000,0.000,0.000,"",
3.269,Right,-3.795,-0.279,-1.239,0.000,1.000,0.000,0.000,0.000,0.000,0.000,0.000,0.000,0.000,"",
3.284,Right,-3.795,-0.279,-1.239,0.000,1.000,0.000,0.000,0.000,0.000,0.000,0.000,0.000,0.000,"",
3.297,Right,-3.795,-0.279,-1.239,0.000,1.000,0.000,0.000,0.000,0.000,0.000,0.000,0.000,0.000,"",
3.311,Right,-3.795,-0.279,-1.239,0.000,1.000,0.000,0.000,0.000,0.000,0.000,0.000,0.000,0.000,"",
3.326,Right,-3.795,-0.279,-1.239,0.000,1.000,0.000,0.000,0.000,0.000,0.000,0.000,0.000,0.000,"",
3.340,Right,-3.795,-0.279,-1.239,0.000,1.000,0.000,0.000,0.000,0.000,0.000,0.000,0.000,0.000,"",
3.352,Right,-3.795,-0.279,-1.239,0.000,1.000,0.000,0.000,0.000,0.000,0.000,0.000,0.000,0.000,"",
3.369,Right,-3.795,-0.279,-1.239,0.000,1.000,0.000,0.000,0.000,0.000,0.000,0.000,0.000,0.000,"",
3.384,Right,-3.795,-0.279,-1.239,0.000,1.000,0.000,0.000,0.000,0.000,0.000,0.000,0.000,0.000,"",
3.411,Right,-3.795,-0.279,-1.239,0.000,1.000,0.000,0.000,0.000,0.000,0.000,0.000,0.000,0.000,"",
3.425,Right,-3.795,-0.279,-1.239,0.000,1.000,0.000,0.000,0.000,0.000,0.000,0.000,0.000,0.000,"",
3.451,Right,-3.795,-0.279,-1.239,0.000,1.000,0.000,0.000,0.000,0.000,0.000,0.000,0.000,0.000,"",
3.464,Right,-3.795,-0.279,-1.239,0.000,1.000,0.000,0.000,0.000,0.000,0.000,0.000,0.000,0.000,"",
3.478,Right,-3.795,-0.279,-1.239,0.000,1.000,0.000,0.000,0.000,0.000,0.000,0.000,0.000,0.000,"",
3.490,Right,-3.795,-0.279,-1.239,0.000,1.000,0.000,0.000,0.000,0.000,0.000,0.000,0.000,0.000,"",
3.503,Right,-3.795,-0.279,-1.239,0.000,1.000,0.000,0.000,0.000,0.000,0.000,0.000,0.000,0.000,"",
3.517,Right,-3.795,-0.279,-1.239,0.000,1.000,0.000,0.000,0.000,0.000,0.000,0.000,0.000,0.000,"",
3.531,Right,-3.795,-0.279,-1.239,0.000,1.000,0.000,0.000,0.000,0.000,0.000,0.000,0.000,0.000,"",
3.547,Right,-3.795,-0.279,-1.239,0.000,1.000,0.000,0.000,0.000,0.000,0.000,0.000,0.000,0.000,"",
3.562,Right,-3.795,-0.279,-1.239,0.000,1.000,0.000,0.000,0.000,0.000,0.000,0.000,0.000,0.000,"",
3.578,Right,-3.795,-0.279,-1.239,0.000,1.000,0.000,0.000,0.000,0.000,0.000,0.000,0.000,0.000,"",
3.603,Right,-3.795,-0.279,-1.239,0.000,1.000,0.000,0.000,0.000,0.000,0.000,0.000,0.000,0.000,"",
3.620,Right,-3.795,-0.279,-1.239,0.000,1.000,0.000,0.000,0.000,0.000,0.000,0.000,0.000,0.000,"",
3.644,Right,-3.795,-0.279,-1.239,0.000,1.000,0.000,0.000,0.000,0.000,0.000,0.000,0.000,0.000,"",
3.659,Right,-3.795,-0.279,-1.239,0.000,1.000,0.000,0.000,0.000,0.000,0.000,0.000,0.000,0.000,"",
3.673,Right,-3.795,-0.279,-1.239,0.000,1.000,0.000,0.000,0.000,0.000,0.000,0.000,0.000,0.000,"",
3.687,Right,-3.795,-0.279,-1.239,0.000,1.000,0.000,0.000,0.000,0.000,0.000,0.000,0.000,0.000,"",
3.702,Right,-3.795,-0.279,-1.239,0.000,1.000,0.000,0.000,0.000,0.000,0.000,0.000,0.000,0.000,"",
3.729,Right,-3.795,-0.279,-1.239,0.000,1.000,0.000,0.000,0.000,0.000,0.000,0.000,0.000,0.000,"",
3.743,Right,-3.795,-0.279,-1.239,0.000,1.000,0.000,0.000,0.000,0.000,0.000,0.000,0.000,0.000,"",
3.758,Right,-3.795,-0.279,-1.239,0.000,1.000,0.000,0.000,0.000,0.000,0.000,0.000,0.000,0.000,"",
3.782,Right,-3.795,-0.279,-1.239,0.000,1.000,0.000,0.000,0.000,0.000,0.000,0.000,0.000,0.000,"",
3.798,Right,-3.795,-0.279,-1.239,0.000,1.000,0.000,0.000,0.000,0.000,0.000,0.000,0.000,0.000,"",
3.812,Right,-3.795,-0.279,-1.239,0.000,1.000,0.000,0.000,0.000,0.000,0.000,0.000,0.000,0.000,"",
3.826,Right,-3.795,-0.279,-1.239,0.000,1.000,0.000,0.000,0.000,0.000,0.000,0.000,0.000,0.000,"",
3.841,Right,-3.795,-0.279,-1.239,0.000,1.000,0.000,0.000,0.000,0.000,0.000,0.000,0.000,0.000,"",
3.856,Right,-3.795,-0.279,-1.239,0.000,1.000,0.000,0.000,0.000,0.000,0.000,0.000,0.000,0.000,"",
3.882,Right,-3.795,-0.279,-1.239,0.000,1.000,0.000,0.000,0.000,0.000,0.000,0.000,0.000,0.000,"",
3.898,Right,-3.795,-0.279,-1.239,0.000,1.000,0.000,0.000,0.000,0.000,0.000,0.000,0.000,0.000,"",
3.922,Right,-3.795,-0.279,-1.239,0.000,1.000,0.000,0.000,0.000,0.000,0.000,0.000,0.000,0.000,"",
3.937,Right,-3.795,-0.279,-1.239,0.000,1.000,0.000,0.000,0.000,0.000,0.000,0.000,0.000,0.000,"",
3.950,Right,-3.795,-0.279,-1.239,0.000,1.000,0.000,0.000,0.000,0.000,0.000,0.000,0.000,0.000,"",
3.964,Right,-3.795,-0.279,-1.239,0.000,1.000,0.000,0.000,0.000,0.000,0.000,0.000,0.000,0.000,"",
3.979,Right,-3.795,-0.279,-1.239,0.000,1.000,0.000,0.000,0.000,0.000,0.000,0.000,0.000,0.000,"",
3.991,Right,-3.795,-0.279,-1.239,0.000,1.000,0.000,0.000,0.000,0.000,0.000,0.000,0.000,0.000,"",
4.006,Right,-3.795,-0.279,-1.239,0.000,1.000,0.000,0.000,0.000,0.000,0.000,0.000,0.000,0.000,"",
4.020,Right,-3.795,-0.279,-1.239,0.000,1.000,0.000,0.000,0.000,0.000,0.000,0.000,0.000,0.000,"",
4.034,Right,-3.795,-0.279,-1.239,0.000,1.000,0.000,0.000,0.000,0.000,0.000,0.000,0.000,0.000,"",
4.047,Right,-3.795,-0.279,-1.239,0.000,1.000,0.000,0.000,0.000,0.000,0.000,0.000,0.000,0.000,"",
4.063,Right,-3.795,-0.279,-1.239,0.000,1.000,0.000,0.000,0.000,0.000,0.000,0.000,0.000,0.000,"",
4.077,Right,-3.795,-0.279,-1.239,0.000,1.000,0.000,0.000,0.000,0.000,0.000,0.000,0.000,0.000,"",
4.090,Right,-3.795,-0.279,-1.239,0.000,1.000,0.000,0.000,0.000,0.000,0.000,0.000,0.000,0.000,"",
4.106,Right,-3.795,-0.279,-1.239,0.000,1.000,0.000,0.000,0.000,0.000,0.000,0.000,0.000,0.000,"",
4.119,Right,-3.795,-0.279,-1.239,0.000,1.000,0.000,0.000,0.000,0.000,0.000,0.000,0.000,0.000,"",
4.130,Right,-3.795,-0.279,-1.239,0.000,1.000,0.000,0.000,0.000,0.000,0.000,0.000,0.000,0.000,"",
4.146,Right,-3.795,-0.279,-1.239,0.000,1.000,0.000,0.000,0.000,0.000,0.000,0.000,0.000,0.000,"",
4.160,Right,-3.795,-0.279,-1.239,0.000,1.000,0.000,0.000,0.000,0.000,0.000,0.000,0.000,0.000,"",
4.174,Right,-3.795,-0.279,-1.239,0.000,1.000,0.000,0.000,0.000,0.000,0.000,0.000,0.000,0.000,"",
4.188,Right,-3.795,-0.279,-1.239,0.000,1.000,0.000,0.000,0.000,0.000,0.000,0.000,0.000,0.000,"",
4.203,Right,-3.795,-0.279,-1.239,0.000,1.000,0.000,0.000,0.000,0.000,0.000,0.000,0.000,0.000,"",
4.217,Right,-3.795,-0.279,-1.239,0.000,1.000,0.000,0.000,0.000,0.000,0.000,0.000,0.000,0.000,"",
4.230,Right,-3.795,-0.279,-1.239,0.000,1.000,0.000,0.000,0.000,0.000,0.000,0.000,0.000,0.000,"",
4.245,Right,-3.795,-0.279,-1.239,0.000,1.000,0.000,0.000,0.000,0.000,0.000,0.000,0.000,0.000,"",
4.259,Right,-3.795,-0.279,-1.239,0.000,1.000,0.000,0.000,0.000,0.000,0.000,0.000,0.000,0.000,"",
4.273,Right,-3.795,-0.279,-1.239,0.000,1.000,0.000,0.000,0.000,0.000,0.000,0.000,0.000,0.000,"",
4.287,Right,-3.795,-0.279,-1.239,0.000,1.000,0.000,0.000,0.000,0.000,0.000,0.000,0.000,0.000,"",
4.301,Right,-3.795,-0.279,-1.239,0.000,1.000,0.000,0.000,0.000,0.000,0.000,0.000,0.000,0.000,"",
4.315,Right,-3.795,-0.279,-1.239,0.000,1.000,0.000,0.000,0.000,0.000,0.000,0.000,0.000,0.000,"",
4.329,Right,-3.795,-0.279,-1.239,0.000,1.000,0.000,0.000,0.000,0.000,0.000,0.000,0.000,0.000,"",
4.342,Right,-3.795,-0.279,-1.239,0.000,1.000,0.000,0.000,0.000,0.000,0.000,0.000,0.000,0.000,"",
4.357,Right,-3.795,-0.279,-1.239,0.000,1.000,0.000,0.000,0.000,0.000,0.000,0.000,0.000,0.000,"",
4.370,Right,-3.795,-0.279,-1.239,0.000,1.000,0.000,0.000,0.000,0.000,0.000,0.000,0.000,0.000,"",
4.384,Right,-3.795,-0.279,-1.239,0.000,1.000,0.000,0.000,0.000,0.000,0.000,0.000,0.000,0.000,"",
4.399,Right,-3.795,-0.279,-1.239,0.000,1.000,0.000,0.000,0.000,0.000,0.000,0.000,0.000,0.000,"",
4.411,Right,-3.795,-0.279,-1.239,0.000,1.000,0.000,0.000,0.000,0.000,0.000,0.000,0.000,0.000,"",
4.425,Right,-3.795,-0.279,-1.239,0.000,1.000,0.000,0.000,0.000,0.000,0.000,0.000,0.000,0.000,"",
4.440,Right,-3.795,-0.279,-1.239,0.000,1.000,0.000,0.000,0.000,0.000,0.000,0.000,0.000,0.000,"",
4.454,Right,-3.795,-0.279,-1.239,0.000,1.000,0.000,0.000,0.000,0.000,0.000,0.000,0.000,0.000,"",
4.468,Right,-3.795,-0.279,-1.239,0.000,1.000,0.000,0.000,0.000,0.000,0.000,0.000,0.000,0.000,"",
4.482,Right,-3.795,-0.279,-1.239,0.000,1.000,0.000,0.000,0.000,0.000,0.000,0.000,0.000,0.000,"",
4.496,Right,-3.795,-0.279,-1.239,0.000,1.000,0.000,0.000,0.000,0.000,0.000,0.000,0.000,0.000,"",
4.509,Right,-3.795,-0.279,-1.239,0.000,1.000,0.000,0.000,0.000,0.000,0.000,0.000,0.000,0.000,"",
4.523,Right,-3.795,-0.279,-1.239,0.000,1.000,0.000,0.000,0.000,0.000,0.000,0.000,0.000,0.000,"",
4.536,Right,-3.795,-0.279,-1.239,0.000,1.000,0.000,0.000,0.000,0.000,0.000,0.000,0.000,0.000,"",
4.548,Right,-3.795,-0.279,-1.239,0.000,1.000,0.000,0.000,0.000,0.000,0.000,0.000,0.000,0.000,"",
4.564,Right,-3.795,-0.279,-1.239,0.000,1.000,0.000,0.000,0.000,0.000,0.000,0.000,0.000,0.000,"",
4.579,Right,-3.795,-0.279,-1.239,0.000,1.000,0.000,0.000,0.000,0.000,0.000,0.000,0.000,0.000,"",
4.591,Right,-3.795,-0.279,-1.239,0.000,1.000,0.000,0.000,0.000,0.000,0.000,0.000,0.000,0.000,"",
4.607,Right,-3.795,-0.279,-1.239,0.000,1.000,0.000,0.000,0.000,0.000,0.000,0.000,0.000,0.000,"",
4.621,Right,-3.795,-0.279,-1.239,0.000,1.000,0.000,0.000,0.000,0.000,0.000,0.000,0.000,0.000,"",
4.638,Right,-3.795,-0.279,-1.239,0.000,1.000,0.000,0.000,0.000,0.000,0.000,0.000,0.000,0.000,"",
4.662,Right,-3.795,-0.279,-1.239,0.000,1.000,0.000,0.000,0.000,0.000,0.000,0.000,0.000,0.000,"",
4.676,Right,-3.795,-0.279,-1.239,0.000,1.000,0.000,0.000,0.000,0.000,0.000,0.000,0.000,0.000,"",
4.689,Right,-3.795,-0.279,-1.239,0.000,1.000,0.000,0.000,0.000,0.000,0.000,0.000,0.000,0.000,"",
4.704,Right,-3.795,-0.279,-1.239,0.000,1.000,0.000,0.000,0.000,0.000,0.000,0.000,0.000,0.000,"",
4.718,Right,-3.795,-0.279,-1.239,0.000,1.000,0.000,0.000,0.000,0.000,0.000,0.000,0.000,0.000,"",
4.731,Right,-3.795,-0.279,-1.239,0.000,1.000,0.000,0.000,0.000,0.000,0.000,0.000,0.000,0.000,"",
4.746,Right,-3.795,-0.279,-1.239,0.000,1.000,0.000,0.000,0.000,0.000,0.000,0.000,0.000,0.000,"",
4.760,Right,-3.795,-0.279,-1.239,0.000,1.000,0.000,0.000,0.000,0.000,0.000,0.000,0.000,0.000,"",
4.775,Right,-3.795,-0.279,-1.239,0.000,1.000,0.000,0.000,0.000,0.000,0.000,0.000,0.000,0.000,"",
4.786,Right,-3.795,-0.279,-1.239,0.000,1.000,0.000,0.000,0.000,0.000,0.000,0.000,0.000,0.000,"",
4.802,Right,-3.795,-0.279,-1.239,0.000,1.000,0.000,0.000,0.000,0.000,0.000,0.000,0.000,0.000,"",
4.816,Right,-3.795,-0.279,-1.239,0.000,1.000,0.000,0.000,0.000,0.000,0.000,0.000,0.000,0.000,"",
4.829,Right,-3.795,-0.279,-1.239,0.000,1.000,0.000,0.000,0.000,0.000,0.000,0.000,0.000,0.000,"",
4.844,Right,-3.795,-0.279,-1.239,0.000,1.000,0.000,0.000,0.000,0.000,0.000,0.000,0.000,0.000,"",
4.858,Right,-3.795,-0.279,-1.239,0.000,1.000,0.000,0.000,0.000,0.000,0.000,0.000,0.000,0.000,"",
4.870,Right,-3.795,-0.279,-1.239,0.000,1.000,0.000,0.000,0.000,0.000,0.000,0.000,0.000,0.000,"",
4.886,Right,-3.795,-0.279,-1.239,0.000,1.000,0.000,0.000,0.000,0.000,0.000,0.000,0.000,0.000,"",
4.899,Right,-3.795,-0.279,-1.239,0.000,1.000,0.000,0.000,0.000,0.000,0.000,0.000,0.000,0.000,"",
4.911,Right,-3.795,-0.279,-1.239,0.000,1.000,0.000,0.000,0.000,0.000,0.000,0.000,0.000,0.000,"",
4.927,Right,-3.795,-0.279,-1.239,0.000,1.000,0.000,0.000,0.000,0.000,0.000,0.000,0.000,0.000,"",
4.942,Right,-3.795,-0.279,-1.239,0.000,1.000,0.000,0.000,0.000,0.000,0.000,0.000,0.000,0.000,"",
4.955,Right,-3.795,-0.279,-1.239,0.000,1.000,0.000,0.000,0.000,0.000,0.000,0.000,0.000,0.000,"",
4.968,Right,-3.795,-0.279,-1.239,0.000,1.000,0.000,0.000,0.000,0.000,0.000,0.000,0.000,0.000,"",
4.983,Right,-3.795,-0.279,-1.239,0.000,1.000,0.000,0.000,0.000,0.000,0.000,0.000,0.000,0.000,"",
4.997,Right,-3.795,-0.279,-1.239,0.000,1.000,0.000,0.000,0.000,0.000,0.000,0.000,0.000,0.000,"",
5.010,Right,-3.795,-0.279,-1.239,0.000,1.000,0.000,0.000,0.000,0.000,0.000,0.000,0.000,0.000,"",
5.025,Right,-3.795,-0.279,-1.239,0.000,1.000,0.000,0.000,0.000,0.000,0.000,0.000,0.000,0.000,"",
5.039,Right,-3.795,-0.279,-1.239,0.000,1.000,0.000,0.000,0.000,0.000,0.000,0.000,0.000,0.000,"",
5.052,Right,-3.795,-0.279,-1.239,0.000,1.000,0.000,0.000,0.000,0.000,0.000,0.000,0.000,0.000,"",
5.068,Right,-3.795,-0.279,-1.239,0.000,1.000,0.000,0.000,0.000,0.000,0.000,0.000,0.000,0.000,"",
5.082,Right,-3.795,-0.279,-1.239,0.000,1.000,0.000,0.000,0.000,0.000,0.000,0.000,0.000,0.000,"",
5.096,Right,-3.795,-0.279,-1.239,0.000,1.000,0.000,0.000,0.000,0.000,0.000,0.000,0.000,0.000,"",
5.109,Right,-3.795,-0.279,-1.239,0.000,1.000,0.000,0.000,0.000,0.000,0.000,0.000,0.000,0.000,"",
5.126,Right,-3.795,-0.279,-1.239,0.000,1.000,0.000,0.000,0.000,0.000,0.000,0.000,0.000,0.000,"",
5.153,Right,-3.795,-0.279,-1.239,0.000,1.000,0.000,0.000,0.000,0.000,0.000,0.000,0.000,0.000,"",
5.181,Right,-3.795,-0.279,-1.239,0.000,1.000,0.000,0.000,0.000,0.000,0.000,0.000,0.000,0.000,"",
5.209,Right,-3.795,-0.279,-1.239,0.000,1.000,0.000,0.000,0.000,0.000,0.000,0.000,0.000,0.000,"",
5.236,Right,-3.795,-0.279,-1.239,0.000,1.000,0.000,0.000,0.000,0.000,0.000,0.000,0.000,0.000,"",
5.263,Right,-3.795,-0.279,-1.239,0.000,1.000,0.000,0.000,0.000,0.000,0.000,0.000,0.000,0.000,"",
5.291,Right,-3.795,-0.279,-1.239,0.000,1.000,0.000,0.000,0.000,0.000,0.000,0.000,0.000,0.000,"",
5.317,Right,-3.795,-0.279,-1.239,0.000,1.000,0.000,0.000,0.000,0.000,0.000,0.000,0.000,0.000,"",
5.345,Right,-3.795,-0.279,-1.239,0.000,1.000,0.000,0.000,0.000,0.000,0.000,0.000,0.000,0.000,"",
5.374,Right,-3.795,-0.279,-1.239,0.000,1.000,0.000,0.000,0.000,0.000,0.000,0.000,0.000,0.000,"",
5.404,Right,-3.795,-0.279,-1.239,0.000,1.000,0.000,0.000,0.000,0.000,0.000,0.000,0.000,0.000,"",
5.429,Right,-3.795,-0.279,-1.239,0.000,1.000,0.000,0.000,0.000,0.000,0.000,0.000,0.000,0.000,"",
5.455,Right,-3.795,-0.279,-1.239,0.000,1.000,0.000,0.000,0.000,0.000,0.000,0.000,0.000,0.000,"",
5.486,Right,-3.795,-0.279,-1.239,0.000,1.000,0.000,0.000,0.000,0.000,0.000,0.000,0.000,0.000,"",
5.518,Right,-3.795,-0.279,-1.239,0.000,1.000,0.000,0.000,0.000,0.000,0.000,0.000,0.000,0.000,"",
5.541,Right,-3.795,-0.279,-1.239,0.000,1.000,0.000,0.000,0.000,0.000,0.000,0.000,0.000,0.000,"",
5.570,Right,-3.795,-0.279,-1.239,0.000,1.000,0.000,0.000,0.000,0.000,0.000,0.000,0.000,0.000,"",
5.600,Right,-3.795,-0.279,-1.239,0.000,1.000,0.000,0.000,0.000,0.000,0.000,0.000,0.000,0.000,"",
5.624,Right,-3.795,-0.279,-1.239,0.000,1.000,0.000,0.000,0.000,0.000,0.000,0.000,0.000,0.000,"",
5.649,Right,-3.795,-0.279,-1.239,0.000,1.000,0.000,0.000,0.000,0.000,0.000,0.000,0.000,0.000,"",
5.676,Right,-3.795,-0.279,-1.239,0.000,1.000,0.000,0.000,0.000,0.000,0.000,0.000,0.000,0.000,"",
5.701,Right,-3.795,-0.279,-1.239,0.000,1.000,0.000,0.000,0.000,0.000,0.000,0.000,0.000,0.000,"",
5.717,Right,-3.795,-0.279,-1.239,0.000,1.000,0.000,0.000,0.000,0.000,0.000,0.000,0.000,0.000,"",
5.729,Right,-3.795,-0.279,-1.239,0.000,1.000,0.000,0.000,0.000,0.000,0.000,0.000,0.000,0.000,"",
5.744,Right,-3.795,-0.279,-1.239,0.000,1.000,0.000,0.000,0.000,0.000,0.000,0.000,0.000,0.000,"",
5.759,Right,-3.795,-0.279,-1.239,0.000,1.000,0.000,0.000,0.000,0.000,0.000,0.000,0.000,0.000,"",
5.771,Right,-3.795,-0.279,-1.239,0.000,1.000,0.000,0.000,0.000,0.000,0.000,0.000,0.000,0.000,"",
5.787,Right,-3.795,-0.279,-1.239,0.000,1.000,0.000,0.000,0.000,0.000,0.000,0.000,0.000,0.000,"",
5.802,Right,-3.795,-0.279,-1.239,0.000,1.000,0.000,0.000,0.000,0.000,0.000,0.000,0.000,0.000,"",
5.816,Right,-3.795,-0.279,-1.239,0.000,1.000,0.000,0.000,0.000,0.000,0.000,0.000,0.000,0.000,"",
5.829,Right,-3.795,-0.279,-1.239,0.000,1.000,0.000,0.000,0.000,0.000,0.000,0.000,0.000,0.000,"",
5.844,Right,-3.795,-0.279,-1.239,0.000,1.000,0.000,0.000,0.000,0.000,0.000,0.000,0.000,0.000,"",
5.857,Right,-3.795,-0.279,-1.239,0.000,1.000,0.000,0.000,0.000,0.000,0.000,0.000,0.000,0.000,"",
5.870,Right,-3.795,-0.279,-1.239,0.000,1.000,0.000,0.000,0.000,0.000,0.000,0.000,0.000,0.000,"",
5.886,Right,-3.795,-0.279,-1.239,0.000,1.000,0.000,0.000,0.000,0.000,0.000,0.000,0.000,0.000,"",
5.899,Right,-3.795,-0.279,-1.239,0.000,1.000,0.000,0.000,0.000,0.000,0.000,0.000,0.000,0.000,"",
5.911,Right,-3.795,-0.279,-1.239,0.000,1.000,0.000,0.000,0.000,0.000,0.000,0.000,0.000,0.000,"",
5.927,Right,-3.795,-0.279,-1.239,0.000,1.000,0.000,0.000,0.000,0.000,0.000,0.000,0.000,0.000,"",
5.940,Right,-3.795,-0.279,-1.239,0.000,1.000,0.000,0.000,0.000,0.000,0.000,0.000,0.000,0.000,"",
5.954,Right,-3.795,-0.279,-1.239,0.000,1.000,0.000,0.000,0.000,0.000,0.000,0.000,0.000,0.000,"",
5.967,Right,-3.795,-0.279,-1.239,0.000,1.000,0.000,0.000,0.000,0.000,0.000,0.000,0.000,0.000,"",
5.983,Right,-3.795,-0.279,-1.239,0.000,1.000,0.000,0.000,0.000,0.000,0.000,0.000,0.000,0.000,"",
5.997,Right,-3.795,-0.279,-1.239,0.000,1.000,0.000,0.000,0.000,0.000,0.000,0.000,0.000,0.000,"",
6.010,Right,-3.795,-0.279,-1.239,0.000,1.000,0.000,0.000,0.000,0.000,0.000,0.000,0.000,0.000,"",
6.026,Right,-3.795,-0.279,-1.239,0.000,1.000,0.000,0.000,0.000,0.000,0.000,0.000,0.000,0.000,"",
6.039,Right,-3.795,-0.279,-1.239,0.000,1.000,0.000,0.000,0.000,0.000,0.000,0.000,0.000,0.000,"",
6.052,Right,-3.795,-0.279,-1.239,0.000,1.000,0.000,0.000,0.000,0.000,0.000,0.000,0.000,0.000,"",
6.067,Right,-3.795,-0.279,-1.239,0.000,1.000,0.000,0.000,0.000,0.000,0.000,0.000,0.000,0.000,"",
6.081,Right,-3.795,-0.279,-1.239,0.000,1.000,0.000,0.000,0.000,0.000,0.000,0.000,0.000,0.000,"",
6.095,Right,-3.795,-0.279,-1.239,0.000,1.000,0.000,0.000,0.000,0.000,0.000,0.000,0.000,0.000,"",
6.108,Right,-3.795,-0.279,-1.239,0.000,1.000,0.000,0.000,0.000,0.000,0.000,0.000,0.000,0.000,"",
6.124,Right,-3.795,-0.279,-1.239,0.000,1.000,0.000,0.000,0.000,0.000,0.000,0.000,0.000,0.000,"",
6.139,Right,-3.795,-0.279,-1.239,0.000,1.000,0.000,0.000,0.000,0.000,0.000,0.000,0.000,0.000,"",
6.150,Right,-3.795,-0.279,-1.239,0.000,1.000,0.000,0.000,0.000,0.000,0.000,0.000,0.000,0.000,"",
6.165,Right,-3.795,-0.279,-1.239,0.000,1.000,0.000,0.000,0.000,0.000,0.000,0.000,0.000,0.000,"",
6.180,Right,-3.795,-0.279,-1.239,0.000,1.000,0.000,0.000,0.000,0.000,0.000,0.000,0.000,0.000,"",
6.192,Right,-3.795,-0.279,-1.239,0.000,1.000,0.000,0.000,0.000,0.000,0.000,0.000,0.000,0.000,"",
6.207,Right,-3.795,-0.279,-1.239,0.000,1.000,0.000,0.000,0.000,0.000,0.000,0.000,0.000,0.000,"",
6.221,Right,-3.795,-0.279,-1.239,0.000,1.000,0.000,0.000,0.000,0.000,0.000,0.000,0.000,0.000,"",
6.235,Right,-3.795,-0.279,-1.239,0.000,1.000,0.000,0.000,0.000,0.000,0.000,0.000,0.000,0.000,"",
6.248,Right,-3.795,-0.279,-1.239,0.000,1.000,0.000,0.000,0.000,0.000,0.000,0.000,0.000,0.000,"",
6.264,Right,-3.795,-0.279,-1.239,0.000,1.000,0.000,0.000,0.000,0.000,0.000,0.000,0.000,0.000,"",
6.277,Right,-3.795,-0.279,-1.239,0.000,1.000,0.000,0.000,0.000,0.000,0.000,0.000,0.000,0.000,"",
6.291,Right,-3.795,-0.279,-1.239,0.000,1.000,0.000,0.000,0.000,0.000,0.000,0.000,0.000,0.000,"",
6.306,Right,-3.795,-0.279,-1.239,0.000,1.000,0.000,0.000,0.000,0.000,0.000,0.000,0.000,0.000,"",
6.319,Right,-3.795,-0.279,-1.239,0.000,1.000,0.000,0.000,0.000,0.000,0.000,0.000,0.000,0.000,"",
6.331,Right,-3.795,-0.279,-1.239,0.000,1.000,0.000,0.000,0.000,0.000,0.000,0.000,0.000,0.000,"",
6.350,Right,-3.795,-0.279,-1.239,0.000,1.000,0.000,0.000,0.000,0.000,0.000,0.000,0.000,0.000,"",
6.362,Right,-3.795,-0.279,-1.239,0.000,1.000,0.000,0.000,0.000,0.000,0.000,0.000,0.000,0.000,"",
6.374,Right,-3.795,-0.279,-1.239,0.000,1.000,0.000,0.000,0.000,0.000,0.000,0.000,0.000,0.000,"",
6.389,Right,-3.795,-0.279,-1.239,0.000,1.000,0.000,0.000,0.000,0.000,0.000,0.000,0.000,0.000,"",
6.402,Right,-3.795,-0.279,-1.239,0.000,1.000,0.000,0.000,0.000,0.000,0.000,0.000,0.000,0.000,"",
6.415,Right,-3.795,-0.279,-1.239,0.000,1.000,0.000,0.000,0.000,0.000,0.000,0.000,0.000,0.000,"",
6.428,Right,-3.795,-0.279,-1.239,0.000,1.000,0.000,0.000,0.000,0.000,0.000,0.000,0.000,0.000,"",
6.445,Right,-3.795,-0.279,-1.239,0.000,1.000,0.000,0.000,0.000,0.000,0.000,0.000,0.000,0.000,"",
6.459,Right,-3.795,-0.279,-1.239,0.000,1.000,0.000,0.000,0.000,0.000,0.000,0.000,0.000,0.000,"",
6.472,Right,-3.795,-0.279,-1.239,0.000,1.000,0.000,0.000,0.000,0.000,0.000,0.000,0.000,0.000,"",
6.487,Right,-3.795,-0.279,-1.239,0.000,1.000,0.000,0.000,0.000,0.000,0.000,0.000,0.000,0.000,"",
6.502,Right,-3.795,-0.279,-1.239,0.000,1.000,0.000,0.000,0.000,0.000,0.000,0.000,0.000,0.000,"",
6.516,Right,-3.795,-0.279,-1.239,0.000,1.000,0.000,0.000,0.000,0.000,0.000,0.000,0.000,0.000,"",
6.530,Right,-3.795,-0.279,-1.239,0.000,1.000,0.000,0.000,0.000,0.000,0.000,0.000,0.000,0.000,"",
6.545,Right,-3.795,-0.279,-1.239,0.000,1.000,0.000,0.000,0.000,0.000,0.000,0.000,0.000,0.000,"",
6.570,Right,-3.795,-0.279,-1.239,0.000,1.000,0.000,0.000,0.000,0.000,0.000,0.000,0.000,0.000,"",
6.586,Right,-3.795,-0.279,-1.239,0.000,1.000,0.000,0.000,0.000,0.000,0.000,0.000,0.000,0.000,"",
6.610,Right,-3.795,-0.279,-1.239,0.000,1.000,0.000,0.000,0.000,0.000,0.000,0.000,0.000,0.000,"",
6.624,Right,-3.795,-0.279,-1.239,0.000,1.000,0.000,0.000,0.000,0.000,0.000,0.000,0.000,0.000,"",
6.639,Right,-3.795,-0.279,-1.239,0.000,1.000,0.000,0.000,0.000,0.000,0.000,0.000,0.000,0.000,"",
6.651,Right,-3.795,-0.279,-1.239,0.000,1.000,0.000,0.000,0.000,0.000,0.000,0.000,0.000,0.000,"",
6.665,Right,-3.795,-0.279,-1.239,0.000,1.000,0.000,0.000,0.000,0.000,0.000,0.000,0.000,0.000,"",
6.680,Right,-3.795,-0.279,-1.239,0.000,1.000,0.000,0.000,0.000,0.000,0.000,0.000,0.000,0.000,"",
6.691,Right,-3.795,-0.279,-1.239,0.000,1.000,0.000,0.000,0.000,0.000,0.000,0.000,0.000,0.000,"",
6.707,Right,-3.795,-0.279,-1.239,0.000,1.000,0.000,0.000,0.000,0.000,0.000,0.000,0.000,0.000,"",
6.722,Right,-3.795,-0.279,-1.239,0.000,1.000,0.000,0.000,0.000,0.000,0.000,0.000,0.000,0.000,"",
6.735,Right,-3.795,-0.279,-1.239,0.000,1.000,0.000,0.000,0.000,0.000,0.000,0.000,0.000,0.000,"",
6.748,Right,-3.795,-0.279,-1.239,0.000,1.000,0.000,0.000,0.000,0.000,0.000,0.000,0.000,0.000,"",
6.764,Right,-3.795,-0.279,-1.239,0.000,1.000,0.000,0.000,0.000,0.000,0.000,0.000,0.000,0.000,"",
6.777,Right,-3.795,-0.279,-1.239,0.000,1.000,0.000,0.000,0.000,0.000,0.000,0.000,0.000,0.000,"",
6.790,Right,-3.795,-0.279,-1.239,0.000,1.000,0.000,0.000,0.000,0.000,0.000,0.000,0.000,0.000,"",
6.805,Right,-3.795,-0.279,-1.239,0.000,1.000,0.000,0.000,0.000,0.000,0.000,0.000,0.000,0.000,"",
6.819,Right,-3.795,-0.279,-1.239,0.000,1.000,0.000,0.000,0.000,0.000,0.000,0.000,0.000,0.000,"",
6.832,Right,-3.795,-0.279,-1.239,0.000,1.000,0.000,0.000,0.000,0.000,0.000,0.000,0.000,0.000,"",
6.848,Right,-3.795,-0.279,-1.239,0.000,1.000,0.000,0.000,0.000,0.000,0.000,0.000,0.000,0.000,"",
6.862,Right,-3.795,-0.279,-1.239,0.000,1.000,0.000,0.000,0.000,0.000,0.000,0.000,0.000,0.000,"",
6.876,Right,-3.795,-0.279,-1.239,0.000,1.000,0.000,0.000,0.000,0.000,0.000,0.000,0.000,0.000,"",
6.888,Right,-3.795,-0.279,-1.239,0.000,1.000,0.000,0.000,0.000,0.000,0.000,0.000,0.000,0.000,"",
6.904,Right,-3.795,-0.279,-1.239,0.000,1.000,0.000,0.000,0.000,0.000,0.000,0.000,0.000,0.000,"",
6.918,Right,-3.795,-0.279,-1.239,0.000,1.000,0.000,0.000,0.000,0.000,0.000,0.000,0.000,0.000,"",
6.931,Right,-3.795,-0.279,-1.239,0.000,1.000,0.000,0.000,0.000,0.000,0.000,0.000,0.000,0.000,"",
6.946,Right,-3.795,-0.279,-1.239,0.000,1.000,0.000,0.000,0.000,0.000,0.000,0.000,0.000,0.000,"",
6.960,Right,-3.795,-0.279,-1.239,0.000,1.000,0.000,0.000,0.000,0.000,0.000,0.000,0.000,0.000,"",
6.973,Right,-3.795,-0.279,-1.239,0.000,1.000,0.000,0.000,0.000,0.000,0.000,0.000,0.000,0.000,"",
6.989,Right,-3.795,-0.279,-1.239,0.000,1.000,0.000,0.000,0.000,0.000,0.000,0.000,0.000,0.000,"",
7.003,Right,-3.795,-0.279,-1.239,0.000,1.000,0.000,0.000,0.000,0.000,0.000,0.000,0.000,0.000,"",
7.017,Right,-3.795,-0.279,-1.239,0.000,1.000,0.000,0.000,0.000,0.000,0.000,0.000,0.000,0.000,"",
7.030,Right,-3.795,-0.279,-1.239,0.000,1.000,0.000,0.000,0.000,0.000,0.000,0.000,0.000,0.000,"",
7.044,Right,-3.795,-0.279,-1.239,0.000,1.000,0.000,0.000,0.000,0.000,0.000,0.000,0.000,0.000,"",
7.058,Right,-3.795,-0.279,-1.239,0.000,1.000,0.000,0.000,0.000,0.000,0.000,0.000,0.000,0.000,"",
7.071,Right,-3.795,-0.279,-1.239,0.000,1.000,0.000,0.000,0.000,0.000,0.000,0.000,0.000,0.000,"",
7.084,Right,-3.795,-0.279,-1.239,0.000,1.000,0.000,0.000,0.000,0.000,0.000,0.000,0.000,0.000,"",
7.099,Right,-3.795,-0.279,-1.239,0.000,1.000,0.000,0.000,0.000,0.000,0.000,0.000,0.000,0.000,"",
7.113,Right,-3.795,-0.279,-1.239,0.000,1.000,0.000,0.000,0.000,0.000,0.000,0.000,0.000,0.000,"",
7.129,Right,-3.795,-0.279,-1.239,0.000,1.000,0.000,0.000,0.000,0.000,0.000,0.000,0.000,0.000,"",
7.155,Right,-3.795,-0.279,-1.239,0.000,1.000,0.000,0.000,0.000,0.000,0.000,0.000,0.000,0.000,"",
7.169,Right,-3.795,-0.279,-1.239,0.000,1.000,0.000,0.000,0.000,0.000,0.000,0.000,0.000,0.000,"",
7.183,Right,-3.795,-0.279,-1.239,0.000,1.000,0.000,0.000,0.000,0.000,0.000,0.000,0.000,0.000,"",
7.197,Right,-3.795,-0.279,-1.239,0.000,1.000,0.000,0.000,0.000,0.000,0.000,0.000,0.000,0.000,"",
7.209,Right,-3.795,-0.279,-1.239,0.000,1.000,0.000,0.000,0.000,0.000,0.000,0.000,0.000,0.000,"",
7.223,Right,-3.795,-0.279,-1.239,0.000,1.000,0.000,0.000,0.000,0.000,0.000,0.000,0.000,0.000,"",
7.237,Right,-3.795,-0.279,-1.239,0.000,1.000,0.000,0.000,0.000,0.000,0.000,0.000,0.000,0.000,"",
7.250,Right,-3.795,-0.279,-1.239,0.000,1.000,0.000,0.000,0.000,0.000,0.000,0.000,0.000,0.000,"",
7.265,Right,-3.795,-0.279,-1.239,0.000,1.000,0.000,0.000,0.000,0.000,0.000,0.000,0.000,0.000,"",
7.280,Right,-3.795,-0.279,-1.239,0.000,1.000,0.000,0.000,0.000,0.000,0.000,0.000,0.000,0.000,"",
7.296,Right,-3.795,-0.279,-1.239,0.000,1.000,0.000,0.000,0.000,0.000,0.000,0.000,0.000,0.000,"",
7.322,Right,-3.795,-0.279,-1.239,0.000,1.000,0.000,0.000,0.000,0.000,0.000,0.000,0.000,0.000,"",
7.338,Right,-3.795,-0.279,-1.239,0.000,1.000,0.000,0.000,0.000,0.000,0.000,0.000,0.000,0.000,"",
7.363,Right,-3.795,-0.279,-1.239,0.000,1.000,0.000,0.000,0.000,0.000,0.000,0.000,0.000,0.000,"",
7.379,Right,-3.795,-0.279,-1.239,0.000,1.000,0.000,0.000,0.000,0.000,0.000,0.000,0.000,0.000,"",
7.404,Right,-3.795,-0.279,-1.239,0.000,1.000,0.000,0.000,0.000,0.000,0.000,0.000,0.000,0.000,"",
7.420,Right,-3.795,-0.279,-1.239,0.000,1.000,0.000,0.000,0.000,0.000,0.000,0.000,0.000,0.000,"",
7.434,Right,-3.795,-0.279,-1.239,0.000,1.000,0.000,0.000,0.000,0.000,0.000,0.000,0.000,0.000,"",
7.464,Right,-3.795,-0.279,-1.239,0.000,1.000,0.000,0.000,0.000,0.000,0.000,0.000,0.000,0.000,"",
7.492,Right,-3.795,-0.279,-1.239,0.000,1.000,0.000,0.000,0.000,0.000,0.000,0.000,0.000,0.000,"",
7.513,Right,-3.795,-0.279,-1.239,0.000,1.000,0.000,0.000,0.000,0.000,0.000,0.000,0.000,0.000,"",
7.526,Right,-3.795,-0.279,-1.239,0.000,1.000,0.000,0.000,0.000,0.000,0.000,0.000,0.000,0.000,"",
7.540,Right,-3.795,-0.279,-1.239,0.000,1.000,0.000,0.000,0.000,0.000,0.000,0.000,0.000,0.000,"",
7.554,Right,-3.795,-0.279,-1.239,0.000,1.000,0.000,0.000,0.000,0.000,0.000,0.000,0.000,0.000,"",
7.571,Right,-3.795,-0.279,-1.239,0.000,1.000,0.000,0.000,0.000,0.000,0.000,0.000,0.000,0.000,"",
7.583,Right,-3.795,-0.279,-1.239,0.000,1.000,0.000,0.000,0.000,0.000,0.000,0.000,0.000,0.000,"",
7.597,Right,-3.795,-0.279,-1.239,0.000,1.000,0.000,0.000,0.000,0.000,0.000,0.000,0.000,0.000,"",
7.613,Right,-3.795,-0.279,-1.239,0.000,1.000,0.000,0.000,0.000,0.000,0.000,0.000,0.000,0.000,"",
7.628,Right,-3.795,-0.279,-1.239,0.000,1.000,0.000,0.000,0.000,0.000,0.000,0.000,0.000,0.000,"",
7.640,Right,-3.795,-0.279,-1.239,0.000,1.000,0.000,0.000,0.000,0.000,0.000,0.000,0.000,0.000,"",
7.656,Right,-3.795,-0.279,-1.239,0.000,1.000,0.000,0.000,0.000,0.000,0.000,0.000,0.000,0.000,"",
7.667,Right,-3.795,-0.279,-1.239,0.000,1.000,0.000,0.000,0.000,0.000,0.000,0.000,0.000,0.000,"",
7.681,Right,-3.795,-0.279,-1.239,0.000,1.000,0.000,0.000,0.000,0.000,0.000,0.000,0.000,0.000,"",
7.695,Right,-3.795,-0.279,-1.239,0.000,1.000,0.000,0.000,0.000,0.000,0.000,0.000,0.000,0.000,"",
7.708,Right,-3.795,-0.279,-1.239,0.000,1.000,0.000,0.000,0.000,0.000,0.000,0.000,0.000,0.000,"",
7.724,Right,-3.795,-0.279,-1.239,0.000,1.000,0.000,0.000,0.000,0.000,0.000,0.000,0.000,0.000,"",
7.738,Right,-3.795,-0.279,-1.239,0.000,1.000,0.000,0.000,0.000,0.000,0.000,0.000,0.000,0.000,"",
7.750,Right,-3.795,-0.279,-1.239,0.000,1.000,0.000,0.000,0.000,0.000,0.000,0.000,0.000,0.000,"",
7.769,Right,-3.795,-0.279,-1.239,0.000,1.000,0.000,0.000,0.000,0.000,0.000,0.000,0.000,0.000,"",
7.781,Right,-3.795,-0.279,-1.239,0.000,1.000,0.000,0.000,0.000,0.000,0.000,0.000,0.000,0.000,"",
7.794,Right,-3.795,-0.279,-1.239,0.000,1.000,0.000,0.000,0.000,0.000,0.000,0.000,0.000,0.000,"",
7.806,Right,-3.795,-0.279,-1.239,0.000,1.000,0.000,0.000,0.000,0.000,0.000,0.000,0.000,0.000,"",
7.822,Right,-3.795,-0.279,-1.239,0.000,1.000,0.000,0.000,0.000,0.000,0.000,0.000,0.000,0.000,"",
7.837,Right,-3.795,-0.279,-1.239,0.000,1.000,0.000,0.000,0.000,0.000,0.000,0.000,0.000,0.000,"",
7.850,Right,-3.795,-0.279,-1.239,0.000,1.000,0.000,0.000,0.000,0.000,0.000,0.000,0.000,0.000,"",
7.865,Right,-3.795,-0.279,-1.239,0.000,1.000,0.000,0.000,0.000,0.000,0.000,0.000,0.000,0.000,"",
7.879,Right,-3.795,-0.279,-1.239,0.000,1.000,0.000,0.000,0.000,0.000,0.000,0.000,0.000,0.000,"",
7.891,Right,-3.795,-0.279,-1.239,0.000,1.000,0.000,0.000,0.000,0.000,0.000,0.000,0.000,0.000,"",
7.906,Right,-3.795,-0.279,-1.239,0.000,1.000,0.000,0.000,0.000,0.000,0.000,0.000,0.000,0.000,"",
7.919,Right,-3.795,-0.279,-1.239,0.000,1.000,0.000,0.000,0.000,0.000,0.000,0.000,0.000,0.000,"",
7.932,Right,-3.795,-0.279,-1.239,0.000,1.000,0.000,0.000,0.000,0.000,0.000,0.000,0.000,0.000,"",
7.948,Right,-3.795,-0.279,-1.239,0.000,1.000,0.000,0.000,0.000,0.000,0.000,0.000,0.000,0.000,"",
7.961,Right,-3.795,-0.279,-1.239,0.000,1.000,0.000,0.000,0.000,0.000,0.000,0.000,0.000,0.000,"",
7.975,Right,-3.795,-0.279,-1.239,0.000,1.000,0.000,0.000,0.000,0.000,0.000,0.000,0.000,0.000,"",
7.988,Right,-3.795,-0.279,-1.239,0.000,1.000,0.000,0.000,0.000,0.000,0.000,0.000,0.000,0.000,"",
8.003,Right,-3.795,-0.279,-1.239,0.000,1.000,0.000,0.000,0.000,0.000,0.000,0.000,0.000,0.000,"",
8.017,Right,-3.795,-0.279,-1.239,0.000,1.000,0.000,0.000,0.000,0.000,0.000,0.000,0.000,0.000,"",
8.030,Right,-3.795,-0.279,-1.239,0.000,1.000,0.000,0.000,0.000,0.000,0.000,0.000,0.000,0.000,"",
8.045,Right,-3.795,-0.279,-1.239,0.000,1.000,0.000,0.000,0.000,0.000,0.000,0.000,0.000,0.000,"",
8.059,Right,-3.795,-0.279,-1.239,0.000,1.000,0.000,0.000,0.000,0.000,0.000,0.000,0.000,0.000,"",
8.072,Right,-3.795,-0.279,-1.239,0.000,1.000,0.000,0.000,0.000,0.000,0.000,0.000,0.000,0.000,"",
8.086,Right,-3.795,-0.279,-1.239,0.000,1.000,0.000,0.000,0.000,0.000,0.000,0.000,0.000,0.000,"",
8.100,Right,-3.795,-0.279,-1.239,0.000,1.000,0.000,0.000,0.000,0.000,0.000,0.000,0.000,0.000,"",
8.113,Right,-3.795,-0.279,-1.239,0.000,1.000,0.000,0.000,0.000,0.000,0.000,0.000,0.000,0.000,"",
8.128,Right,-3.795,-0.279,-1.239,0.000,1.000,0.000,0.000,0.000,0.000,0.000,0.000,0.000,0.000,"",
8.142,Right,-3.795,-0.279,-1.239,0.000,1.000,0.000,0.000,0.000,0.000,0.000,0.000,0.000,0.000,"",
8.157,Right,-3.795,-0.279,-1.239,0.000,1.000,0.000,0.000,0.000,0.000,0.000,0.000,0.000,0.000,"",
8.169,Right,-3.795,-0.279,-1.239,0.000,1.000,0.000,0.000,0.000,0.000,0.000,0.000,0.000,0.000,"",
8.184,Right,-3.795,-0.279,-1.239,0.000,1.000,0.000,0.000,0.000,0.000,0.000,0.000,0.000,0.000,"",
8.199,Right,-3.795,-0.279,-1.239,0.000,1.000,0.000,0.000,0.000,0.000,0.000,0.000,0.000,0.000,"",
8.213,Right,-3.795,-0.279,-1.239,0.000,1.000,0.000,0.000,0.000,0.000,0.000,0.000,0.000,0.000,"",
8.226,Right,-3.795,-0.279,-1.239,0.000,1.000,0.000,0.000,0.000,0.000,0.000,0.000,0.000,0.000,"",
8.240,Right,-3.795,-0.279,-1.239,0.000,1.000,0.000,0.000,0.000,0.000,0.000,0.000,0.000,0.000,"",
8.252,Right,-3.795,-0.279,-1.239,0.000,1.000,0.000,0.000,0.000,0.000,0.000,0.000,0.000,0.000,"",
8.268,Right,-3.795,-0.279,-1.239,0.000,1.000,0.000,0.000,0.000,0.000,0.000,0.000,0.000,0.000,"",
8.282,Right,-3.795,-0.279,-1.239,0.000,1.000,0.000,0.000,0.000,0.000,0.000,0.000,0.000,0.000,"",
8.296,Right,-3.795,-0.279,-1.239,0.000,1.000,0.000,0.000,0.000,0.000,0.000,0.000,0.000,0.000,"",
8.308,Right,-3.795,-0.279,-1.239,0.000,1.000,0.000,0.000,0.000,0.000,0.000,0.000,0.000,0.000,"",
8.324,Right,-3.795,-0.279,-1.239,0.000,1.000,0.000,0.000,0.000,0.000,0.000,0.000,0.000,0.000,"",
8.338,Right,-3.795,-0.279,-1.239,0.000,1.000,0.000,0.000,0.000,0.000,0.000,0.000,0.000,0.000,"",
8.350,Right,-3.795,-0.279,-1.239,0.000,1.000,0.000,0.000,0.000,0.000,0.000,0.000,0.000,0.000,"",
8.366,Right,-3.795,-0.279,-1.239,0.000,1.000,0.000,0.000,0.000,0.000,0.000,0.000,0.000,0.000,"",
8.381,Right,-3.795,-0.279,-1.239,0.000,1.000,0.000,0.000,0.000,0.000,0.000,0.000,0.000,0.000,"",
8.395,Right,-3.795,-0.279,-1.239,0.000,1.000,0.000,0.000,0.000,0.000,0.000,0.000,0.000,0.000,"",
8.407,Right,-3.795,-0.279,-1.239,0.000,1.000,0.000,0.000,0.000,0.000,0.000,0.000,0.000,0.000,"",
8.423,Right,-3.795,-0.279,-1.239,0.000,1.000,0.000,0.000,0.000,0.000,0.000,0.000,0.000,0.000,"",
8.437,Right,-3.795,-0.279,-1.239,0.000,1.000,0.000,0.000,0.000,0.000,0.000,0.000,0.000,0.000,"",
8.449,Right,-3.795,-0.279,-1.239,0.000,1.000,0.000,0.000,0.000,0.000,0.000,0.000,0.000,0.000,"",
8.464,Right,-3.795,-0.279,-1.239,0.000,1.000,0.000,0.000,0.000,0.000,0.000,0.000,0.000,0.000,"",
8.478,Right,-3.795,-0.279,-1.239,0.000,1.000,0.000,0.000,0.000,0.000,0.000,0.000,0.000,0.000,"",
8.491,Right,-3.795,-0.279,-1.239,0.000,1.000,0.000,0.000,0.000,0.000,0.000,0.000,0.000,0.000,"",
8.505,Right,-3.795,-0.279,-1.239,0.000,1.000,0.000,0.000,0.000,0.000,0.000,0.000,0.000,0.000,"",
8.520,Right,-3.795,-0.279,-1.239,0.000,1.000,0.000,0.000,0.000,0.000,0.000,0.000,0.000,0.000,"",
8.533,Right,-3.795,-0.279,-1.239,0.000,1.000,0.000,0.000,0.000,0.000,0.000,0.000,0.000,0.000,"",
8.547,Right,-3.795,-0.279,-1.239,0.000,1.000,0.000,0.000,0.000,0.000,0.000,0.000,0.000,0.000,"",
8.561,Right,-3.795,-0.279,-1.239,0.000,1.000,0.000,0.000,0.000,0.000,0.000,0.000,0.000,0.000,"",
8.575,Right,-3.795,-0.279,-1.239,0.000,1.000,0.000,0.000,0.000,0.000,0.000,0.000,0.000,0.000,"",
8.588,Right,-3.795,-0.279,-1.239,0.000,1.000,0.000,0.000,0.000,0.000,0.000,0.000,0.000,0.000,"",
8.604,Right,-3.795,-0.279,-1.239,0.000,1.000,0.000,0.000,0.000,0.000,0.000,0.000,0.000,0.000,"",
8.617,Right,-3.795,-0.279,-1.239,0.000,1.000,0.000,0.000,0.000,0.000,0.000,0.000,0.000,0.000,"",
8.630,Right,-3.795,-0.279,-1.239,0.000,1.000,0.000,0.000,0.000,0.000,0.000,0.000,0.000,0.000,"",
8.644,Right,-3.795,-0.279,-1.239,0.000,1.000,0.000,0.000,0.000,0.000,0.000,0.000,0.000,0.000,"",
8.658,Right,-3.795,-0.279,-1.239,0.000,1.000,0.000,0.000,0.000,0.000,0.000,0.000,0.000,0.000,"",
8.671,Right,-3.795,-0.279,-1.239,0.000,1.000,0.000,0.000,0.000,0.000,0.000,0.000,0.000,0.000,"",
8.687,Right,-3.795,-0.279,-1.239,0.000,1.000,0.000,0.000,0.000,0.000,0.000,0.000,0.000,0.000,"",
8.701,Right,-3.795,-0.279,-1.239,0.000,1.000,0.000,0.000,0.000,0.000,0.000,0.000,0.000,0.000,"",
8.714,Right,-3.795,-0.279,-1.239,0.000,1.000,0.000,0.000,0.000,0.000,0.000,0.000,0.000,0.000,"",
8.726,Right,-3.795,-0.279,-1.239,0.000,1.000,0.000,0.000,0.000,0.000,0.000,0.000,0.000,0.000,"",
8.742,Right,-3.795,-0.279,-1.239,0.000,1.000,0.000,0.000,0.000,0.000,0.000,0.000,0.000,0.000,"",
8.755,Right,-3.795,-0.279,-1.239,0.000,1.000,0.000,0.000,0.000,0.000,0.000,0.000,0.000,0.000,"",
8.768,Right,-3.795,-0.279,-1.239,0.000,1.000,0.000,0.000,0.000,0.000,0.000,0.000,0.000,0.000,"",
8.783,Right,-3.795,-0.279,-1.239,0.000,1.000,0.000,0.000,0.000,0.000,0.000,0.000,0.000,0.000,"",
8.798,Right,-3.795,-0.279,-1.239,0.000,1.000,0.000,0.000,0.000,0.000,0.000,0.000,0.000,0.000,"",
8.810,Right,-3.795,-0.279,-1.239,0.000,1.000,0.000,0.000,0.000,0.000,0.000,0.000,0.000,0.000,"",
8.829,Right,-3.795,-0.279,-1.239,0.000,1.000,0.000,0.000,0.000,0.000,0.000,0.000,0.000,0.000,"",
8.842,Right,-3.795,-0.279,-1.239,0.000,1.000,0.000,0.000,0.000,0.000,0.000,0.000,0.000,0.000,"",
8.856,Right,-3.795,-0.279,-1.239,0.000,1.000,0.000,0.000,0.000,0.000,0.000,0.000,0.000,0.000,"",
8.883,Right,-3.795,-0.279,-1.239,0.000,1.000,0.000,0.000,0.000,0.000,0.000,0.000,0.000,0.000,"",
8.909,Right,-3.795,-0.279,-1.239,0.000,1.000,0.000,0.000,0.000,0.000,0.000,0.000,0.000,0.000,"",
8.926,Right,-3.795,-0.279,-1.239,0.000,1.000,0.000,0.000,0.000,0.000,0.000,0.000,0.000,0.000,"",
8.950,Right,-3.795,-0.279,-1.239,0.000,1.000,0.000,0.000,0.000,0.000,0.000,0.000,0.000,0.000,"",
8.967,Right,-3.795,-0.279,-1.239,0.000,1.000,0.000,0.000,0.000,0.000,0.000,0.000,0.000,0.000,"",
8.991,Right,-3.795,-0.279,-1.239,0.000,1.000,0.000,0.000,0.000,0.000,0.000,0.000,0.000,0.000,"",
9.009,Right,-3.795,-0.279,-1.239,0.000,1.000,0.000,0.000,0.000,0.000,0.000,0.000,0.000,0.000,"",
9.032,Right,-3.795,-0.279,-1.239,0.000,1.000,0.000,0.000,0.000,0.000,0.000,0.000,0.000,0.000,"",
9.047,Right,-3.795,-0.279,-1.239,0.000,1.000,0.000,0.000,0.000,0.000,0.000,0.000,0.000,0.000,"",
9.061,Right,-3.795,-0.279,-1.239,0.000,1.000,0.000,0.000,0.000,0.000,0.000,0.000,0.000,0.000,"",
9.078,Right,-3.795,-0.279,-1.239,0.000,1.000,0.000,0.000,0.000,0.000,0.000,0.000,0.000,0.000,"",
9.102,Right,-3.795,-0.279,-1.239,0.000,1.000,0.000,0.000,0.000,0.000,0.000,0.000,0.000,0.000,"",
9.117,Right,-3.795,-0.279,-1.239,0.000,1.000,0.000,0.000,0.000,0.000,0.000,0.000,0.000,0.000,"",
9.131,Right,-3.795,-0.279,-1.239,0.000,1.000,0.000,0.000,0.000,0.000,0.000,0.000,0.000,0.000,"",
9.147,Right,-3.795,-0.279,-1.239,0.000,1.000,0.000,0.000,0.000,0.000,0.000,0.000,0.000,0.000,"",
9.172,Right,-3.795,-0.279,-1.239,0.000,1.000,0.000,0.000,0.000,0.000,0.000,0.000,0.000,0.000,"",
9.188,Right,-3.795,-0.279,-1.239,0.000,1.000,0.000,0.000,0.000,0.000,0.000,0.000,0.000,0.000,"",
9.217,Right,-3.795,-0.279,-1.239,0.000,1.000,0.000,0.000,0.000,0.000,0.000,0.000,0.000,0.000,"",
9.241,Right,-3.795,-0.279,-1.239,0.000,1.000,0.000,0.000,0.000,0.000,0.000,0.000,0.000,0.000,"",
9.260,Right,-3.795,-0.279,-1.239,0.000,1.000,0.000,0.000,0.000,0.000,0.000,0.000,0.000,0.000,"",
9.285,Right,-3.795,-0.279,-1.239,0.000,1.000,0.000,0.000,0.000,0.000,0.000,0.000,0.000,0.000,"",
9.310,Right,-3.795,-0.279,-1.239,0.000,1.000,0.000,0.000,0.000,0.000,0.000,0.000,0.000,0.000,"",
9.325,Right,-3.795,-0.279,-1.239,0.000,1.000,0.000,0.000,0.000,0.000,0.000,0.000,0.000,0.000,"",
9.339,Right,-3.795,-0.279,-1.239,0.000,1.000,0.000,0.000,0.000,0.000,0.000,0.000,0.000,0.000,"",
9.352,Right,-3.795,-0.279,-1.239,0.000,1.000,0.000,0.000,0.000,0.000,0.000,0.000,0.000,0.000,"",
9.366,Right,-3.795,-0.279,-1.239,0.000,1.000,0.000,0.000,0.000,0.000,0.000,0.000,0.000,0.000,"",
9.381,Right,-3.795,-0.279,-1.239,0.000,1.000,0.000,0.000,0.000,0.000,0.000,0.000,0.000,0.000,"",
9.394,Right,-3.795,-0.279,-1.239,0.000,1.000,0.000,0.000,0.000,0.000,0.000,0.000,0.000,0.000,"",
9.407,Right,-3.795,-0.279,-1.239,0.000,1.000,0.000,0.000,0.000,0.000,0.000,0.000,0.000,0.000,"",
9.421,Right,-3.795,-0.279,-1.239,0.000,1.000,0.000,0.000,0.000,0.000,0.000,0.000,0.000,0.000,"",
9.436,Right,-3.795,-0.279,-1.239,0.000,1.000,0.000,0.000,0.000,0.000,0.000,0.000,0.000,0.000,"",
9.449,Right,-3.795,-0.279,-1.239,0.000,1.000,0.000,0.000,0.000,0.000,0.000,0.000,0.000,0.000,"",
9.465,Right,-3.795,-0.279,-1.239,0.000,1.000,0.000,0.000,0.000,0.000,0.000,0.000,0.000,0.000,"",
9.478,Right,-3.795,-0.279,-1.239,0.000,1.000,0.000,0.000,0.000,0.000,0.000,0.000,0.000,0.000,"",
9.490,Right,-3.795,-0.279,-1.239,0.000,1.000,0.000,0.000,0.000,0.000,0.000,0.000,0.000,0.000,"",
9.510,Right,-3.795,-0.279,-1.239,0.000,1.000,0.000,0.000,0.000,0.000,0.000,0.000,0.000,0.000,"",
9.538,Right,-3.795,-0.279,-1.239,0.000,1.000,0.000,0.000,0.000,0.000,0.000,0.000,0.000,0.000,"",
9.562,Right,-3.795,-0.279,-1.239,0.000,1.000,0.000,0.000,0.000,0.000,0.000,0.000,0.000,0.000,"",
9.578,Right,-3.795,-0.279,-1.239,0.000,1.000,0.000,0.000,0.000,0.000,0.000,0.000,0.000,0.000,"",
9.605,Right,-3.795,-0.279,-1.239,0.000,1.000,0.000,0.000,0.000,0.000,0.000,0.000,0.000,0.000,"",
9.631,Right,-3.795,-0.279,-1.239,0.000,1.000,0.000,0.000,0.000,0.000,0.000,0.000,0.000,0.000,"",
9.645,Right,-3.795,-0.279,-1.239,0.000,1.000,0.000,0.000,0.000,0.000,0.000,0.000,0.000,0.000,"",
9.660,Right,-3.795,-0.279,-1.239,0.000,1.000,0.000,0.000,0.000,0.000,0.000,0.000,0.000,0.000,"",
9.672,Right,-3.795,-0.279,-1.239,0.000,1.000,0.000,0.000,0.000,0.000,0.000,0.000,0.000,0.000,"",
9.687,Right,-3.795,-0.279,-1.239,0.000,1.000,0.000,0.000,0.000,0.000,0.000,0.000,0.000,0.000,"",
9.701,Right,-3.795,-0.279,-1.239,0.000,1.000,0.000,0.000,0.000,0.000,0.000,0.000,0.000,0.000,"",
9.715,Right,-3.795,-0.279,-1.239,0.000,1.000,0.000,0.000,0.000,0.000,0.000,0.000,0.000,0.000,"",
9.729,Right,-3.795,-0.279,-1.239,0.000,1.000,0.000,0.000,0.000,0.000,0.000,0.000,0.000,0.000,"",
9.742,Right,-3.795,-0.279,-1.239,0.000,1.000,0.000,0.000,0.000,0.000,0.000,0.000,0.000,0.000,"",
9.756,Right,-3.795,-0.279,-1.239,0.000,1.000,0.000,0.000,0.000,0.000,0.000,0.000,0.000,0.000,"",
9.769,Right,-3.795,-0.279,-1.239,0.000,1.000,0.000,0.000,0.000,0.000,0.000,0.000,0.000,0.000,"",
9.784,Right,-3.795,-0.279,-1.239,0.000,1.000,0.000,0.000,0.000,0.000,0.000,0.000,0.000,0.000,"",
9.798,Right,-3.795,-0.279,-1.239,0.000,1.000,0.000,0.000,0.000,0.000,0.000,0.000,0.000,0.000,"",
9.811,Right,-3.795,-0.279,-1.239,0.000,1.000,0.000,0.000,0.000,0.000,0.000,0.000,0.000,0.000,"",
9.826,Right,-3.795,-0.279,-1.239,0.000,1.000,0.000,0.000,0.000,0.000,0.000,0.000,0.000,0.000,"",
9.840,Right,-3.795,-0.279,-1.239,0.000,1.000,0.000,0.000,0.000,0.000,0.000,0.000,0.000,0.000,"",
9.855,Right,-3.795,-0.279,-1.239,0.000,1.000,0.000,0.000,0.000,0.000,0.000,0.000,0.000,0.000,"",
9.867,Right,-3.795,-0.279,-1.239,0.000,1.000,0.000,0.000,0.000,0.000,0.000,0.000,0.000,0.000,"",
9.883,Right,-3.795,-0.279,-1.239,0.000,1.000,0.000,0.000,0.000,0.000,0.000,0.000,0.000,0.000,"",
9.898,Right,-3.795,-0.279,-1.239,0.000,1.000,0.000,0.000,0.000,0.000,0.000,0.000,0.000,0.000,"",
9.911,Right,-3.795,-0.279,-1.239,0.000,1.000,0.000,0.000,0.000,0.000,0.000,0.000,0.000,0.000,"",
9.925,Right,-3.795,-0.279,-1.239,0.000,1.000,0.000,0.000,0.000,0.000,0.000,0.000,0.000,0.000,"",
9.940,Right,-3.795,-0.279,-1.239,0.000,1.000,0.000,0.000,0.000,0.000,0.000,0.000,0.000,0.000,"",
9.953,Right,-3.795,-0.279,-1.239,0.000,1.000,0.000,0.000,0.000,0.000,0.000,0.000,0.000,0.000,"",
9.967,Right,-3.795,-0.279,-1.239,0.000,1.000,0.000,0.000,0.000,0.000,0.000,0.000,0.000,0.000,"",
9.981,Right,-3.795,-0.279,-1.239,0.000,1.000,0.000,0.000,0.000,0.000,0.000,0.000,0.000,0.000,"",
9.996,Right,-3.795,-0.279,-1.239,0.000,1.000,0.000,0.000,0.000,0.000,0.000,0.000,0.000,0.000,"",
10.009,Right,-3.795,-0.279,-1.239,0.000,1.000,0.000,0.000,0.000,0.000,0.000,0.000,0.000,0.000,"",
10.023,Right,-3.795,-0.279,-1.239,0.000,1.000,0.000,0.000,0.000,0.000,0.000,0.000,0.000,0.000,"",
10.037,Right,-3.795,-0.279,-1.239,0.000,1.000,0.000,0.000,0.000,0.000,0.000,0.000,0.000,0.000,"",
10.050,Right,-3.795,-0.279,-1.239,0.000,1.000,0.000,0.000,0.000,0.000,0.000,0.000,0.000,0.000,"",
10.064,Right,-3.795,-0.279,-1.239,0.000,1.000,0.000,0.000,0.000,0.000,0.000,0.000,0.000,0.000,"",
10.078,Right,-3.795,-0.279,-1.239,0.000,1.000,0.000,0.000,0.000,0.000,0.000,0.000,0.000,0.000,"",
10.091,Right,-3.795,-0.279,-1.239,0.000,1.000,0.000,0.000,0.000,0.000,0.000,0.000,0.000,0.000,"",
10.105,Right,-3.795,-0.279,-1.239,0.000,1.000,0.000,0.000,0.000,0.000,0.000,0.000,0.000,0.000,"",
10.119,Right,-3.795,-0.279,-1.239,0.000,1.000,0.000,0.000,0.000,0.000,0.000,0.000,0.000,0.000,"",
10.131,Right,-3.795,-0.279,-1.239,0.000,1.000,0.000,0.000,0.000,0.000,0.000,0.000,0.000,0.000,"",
10.147,Right,-3.795,-0.279,-1.239,0.000,1.000,0.000,0.000,0.000,0.000,0.000,0.000,0.000,0.000,"",
10.161,Right,-3.795,-0.279,-1.239,0.000,1.000,0.000,0.000,0.000,0.000,0.000,0.000,0.000,0.000,"",
10.176,Right,-3.795,-0.279,-1.239,0.000,1.000,0.000,0.000,0.000,0.000,0.000,0.000,0.000,0.000,"",
10.189,Right,-3.795,-0.279,-1.239,0.000,1.000,0.000,0.000,0.000,0.000,0.000,0.000,0.000,0.000,"",
10.206,Right,-3.795,-0.279,-1.239,0.000,1.000,0.000,0.000,0.000,0.000,0.000,0.000,0.000,0.000,"",
10.233,Right,-3.795,-0.279,-1.239,0.000,1.000,0.000,0.000,0.000,0.000,0.000,0.000,0.000,0.000,"",
10.263,Right,-3.795,-0.279,-1.239,0.000,1.000,0.000,0.000,0.000,0.000,0.000,0.000,0.000,0.000,"",
10.288,Right,-3.795,-0.279,-1.239,0.000,1.000,0.000,0.000,0.000,0.000,0.000,0.000,0.000,0.000,"",
10.315,Right,-3.795,-0.279,-1.239,0.000,1.000,0.000,0.000,0.000,0.000,0.000,0.000,0.000,0.000,"",
10.346,Right,-3.795,-0.279,-1.239,0.000,1.000,0.000,0.000,0.000,0.000,0.000,0.000,0.000,0.000,"",
10.370,Right,-3.795,-0.279,-1.239,0.000,1.000,0.000,0.000,0.000,0.000,0.000,0.000,0.000,0.000,"",
10.395,Right,-3.795,-0.279,-1.239,0.000,1.000,0.000,0.000,0.000,0.000,0.000,0.000,0.000,0.000,"",
10.411,Right,-3.795,-0.279,-1.239,0.000,1.000,0.000,0.000,0.000,0.000,0.000,0.000,0.000,0.000,"",
10.425,Right,-3.795,-0.279,-1.239,0.000,1.000,0.000,0.000,0.000,0.000,0.000,0.000,0.000,0.000,"",
10.451,Right,-3.795,-0.279,-1.239,0.000,1.000,0.000,0.000,0.000,0.000,0.000,0.000,0.000,0.000,"",
10.467,Right,-3.795,-0.279,-1.239,0.000,1.000,0.000,0.000,0.000,0.000,0.000,0.000,0.000,0.000,"",
10.482,Right,-3.795,-0.279,-1.239,0.000,1.000,0.000,0.000,0.000,0.000,0.000,0.000,0.000,0.000,"",
10.508,Right,-3.795,-0.279,-1.239,0.000,1.000,0.000,0.000,0.000,0.000,0.000,0.000,0.000,0.000,"",
10.523,Right,-3.795,-0.279,-1.239,0.000,1.000,0.000,0.000,0.000,0.000,0.000,0.000,0.000,0.000,"",
10.539,Right,-3.795,-0.279,-1.239,0.000,1.000,0.000,0.000,0.000,0.000,0.000,0.000,0.000,0.000,"",
10.564,Right,-3.795,-0.279,-1.239,0.000,1.000,0.000,0.000,0.000,0.000,0.000,0.000,0.000,0.000,"",
10.580,Right,-3.795,-0.279,-1.239,0.000,1.000,0.000,0.000,0.000,0.000,0.000,0.000,0.000,0.000,"",
10.605,Right,-3.795,-0.279,-1.239,0.000,1.000,0.000,0.000,0.000,0.000,0.000,0.000,0.000,0.000,"",
10.620,Right,-3.795,-0.279,-1.239,0.000,1.000,0.000,0.000,0.000,0.000,0.000,0.000,0.000,0.000,"",
10.634,Right,-3.795,-0.279,-1.239,0.000,1.000,0.000,0.000,0.000,0.000,0.000,0.000,0.000,0.000,"",
10.649,Right,-3.795,-0.279,-1.239,0.000,1.000,0.000,0.000,0.000,0.000,0.000,0.000,0.000,0.000,"",
10.664,Right,-3.795,-0.279,-1.239,0.000,1.000,0.000,0.000,0.000,0.000,0.000,0.000,0.000,0.000,"",
10.690,Right,-3.795,-0.279,-1.239,0.000,1.000,0.000,0.000,0.000,0.000,0.000,0.000,0.000,0.000,"",
10.707,Right,-3.795,-0.279,-1.239,0.000,1.000,0.000,0.000,0.000,0.000,0.000,0.000,0.000,0.000,"",
10.732,Right,-3.795,-0.279,-1.239,0.000,1.000,0.000,0.000,0.000,0.000,0.000,0.000,0.000,0.000,"",
10.759,Right,-3.795,-0.279,-1.239,0.000,1.000,0.000,0.000,0.000,0.000,0.000,0.000,0.000,0.000,"",
10.777,Right,-3.795,-0.279,-1.239,0.000,1.000,0.000,0.000,0.000,0.000,0.000,0.000,0.000,0.000,"",
10.801,Right,-3.795,-0.279,-1.239,0.000,1.000,0.000,0.000,0.000,0.000,0.000,0.000,0.000,0.000,"",
10.821,Right,-3.795,-0.279,-1.239,0.000,1.000,0.000,0.000,0.000,0.000,0.000,0.000,0.000,0.000,"",
10.843,Right,-3.795,-0.279,-1.239,0.000,1.000,0.000,0.000,0.000,0.000,0.000,0.000,0.000,0.000,"",
10.870,Right,-3.795,-0.279,-1.239,0.000,1.000,0.000,0.000,0.000,0.000,0.000,0.000,0.000,0.000,"",
10.900,Right,-3.795,-0.279,-1.239,0.000,1.000,0.000,0.000,0.000,0.000,0.000,0.000,0.000,0.000,"",
10.924,Right,-3.795,-0.279,-1.239,0.000,1.000,0.000,0.000,0.000,0.000,0.000,0.000,0.000,0.000,"",
10.940,Right,-3.795,-0.279,-1.239,0.000,1.000,0.000,0.000,0.000,0.000,0.000,0.000,0.000,0.000,"",
10.952,Right,-3.795,-0.279,-1.239,0.000,1.000,0.000,0.000,0.000,0.000,0.000,0.000,0.000,0.000,"",
10.967,Right,-3.795,-0.279,-1.239,0.000,1.000,0.000,0.000,0.000,0.000,0.000,0.000,0.000,0.000,"",
10.981,Right,-3.795,-0.279,-1.239,0.000,1.000,0.000,0.000,0.000,0.000,0.000,0.000,0.000,0.000,"",
10.995,Right,-3.795,-0.279,-1.239,0.000,1.000,0.000,0.000,0.000,0.000,0.000,0.000,0.000,0.000,"",
11.009,Right,-3.795,-0.279,-1.239,0.000,1.000,0.000,0.000,0.000,0.000,0.000,0.000,0.000,0.000,"",
11.023,Right,-3.795,-0.279,-1.239,0.000,1.000,0.000,0.000,0.000,0.000,0.000,0.000,0.000,0.000,"",
11.038,Right,-3.795,-0.279,-1.239,0.000,1.000,0.000,0.000,0.000,0.000,0.000,0.000,0.000,0.000,"",
11.051,Right,-3.795,-0.279,-1.239,0.000,1.000,0.000,0.000,0.000,0.000,0.000,0.000,0.000,0.000,"",
11.065,Right,-3.795,-0.279,-1.239,0.000,1.000,0.000,0.000,0.000,0.000,0.000,0.000,0.000,0.000,"",
11.080,Right,-3.795,-0.279,-1.239,0.000,1.000,0.000,0.000,0.000,0.000,0.000,0.000,0.000,0.000,"",
11.093,Right,-3.795,-0.279,-1.239,0.000,1.000,0.000,0.000,0.000,0.000,0.000,0.000,0.000,0.000,"",
11.107,Right,-3.795,-0.279,-1.239,0.000,1.000,0.000,0.000,0.000,0.000,0.000,0.000,0.000,0.000,"",
11.121,Right,-3.795,-0.279,-1.239,0.000,1.000,0.000,0.000,0.000,0.000,0.000,0.000,0.000,0.000,"",
11.135,Right,-3.795,-0.279,-1.239,0.000,1.000,0.000,0.000,0.000,0.000,0.000,0.000,0.000,0.000,"",
11.149,Right,-3.795,-0.279,-1.239,0.000,1.000,0.000,0.000,0.000,0.000,0.000,0.000,0.000,0.000,"",
11.163,Right,-3.795,-0.279,-1.239,0.000,1.000,0.000,0.000,0.000,0.000,0.000,0.000,0.000,0.000,"",
11.178,Right,-3.795,-0.279,-1.239,0.000,1.000,0.000,0.000,0.000,0.000,0.000,0.000,0.000,0.000,"",
11.191,Right,-3.795,-0.279,-1.239,0.000,1.000,0.000,0.000,0.000,0.000,0.000,0.000,0.000,0.000,"",
11.204,Right,-3.795,-0.279,-1.239,0.000,1.000,0.000,0.000,0.000,0.000,0.000,0.000,0.000,0.000,"",
11.218,Right,-3.795,-0.279,-1.239,0.000,1.000,0.000,0.000,0.000,0.000,0.000,0.000,0.000,0.000,"",
11.232,Right,-3.795,-0.279,-1.239,0.000,1.000,0.000,0.000,0.000,0.000,0.000,0.000,0.000,0.000,"",
11.249,Right,-3.795,-0.279,-1.239,0.000,1.000,0.000,0.000,0.000,0.000,0.000,0.000,0.000,0.000,"",
11.277,Right,-3.795,-0.279,-1.239,0.000,1.000,0.000,0.000,0.000,0.000,0.000,0.000,0.000,0.000,"",
11.301,Right,-3.795,-0.279,-1.239,0.000,1.000,0.000,0.000,0.000,0.000,0.000,0.000,0.000,0.000,"",
11.316,Right,-3.795,-0.279,-1.239,0.000,1.000,0.000,0.000,0.000,0.000,0.000,0.000,0.000,0.000,"",
11.329,Right,-3.795,-0.279,-1.239,0.000,1.000,0.000,0.000,0.000,0.000,0.000,0.000,0.000,0.000,"",
11.343,Right,-3.795,-0.279,-1.239,0.000,1.000,0.000,0.000,0.000,0.000,0.000,0.000,0.000,0.000,"",
11.357,Right,-3.795,-0.279,-1.239,0.000,1.000,0.000,0.000,0.000,0.000,0.000,0.000,0.000,0.000,"",
11.370,Right,-3.795,-0.279,-1.239,0.000,1.000,0.000,0.000,0.000,0.000,0.000,0.000,0.000,0.000,"",
11.386,Right,-3.795,-0.279,-1.239,0.000,1.000,0.000,0.000,0.000,0.000,0.000,0.000,0.000,0.000,"",
11.401,Right,-3.795,-0.279,-1.239,0.000,1.000,0.000,0.000,0.000,0.000,0.000,0.000,0.000,0.000,"",
11.417,Right,-3.795,-0.279,-1.239,0.000,1.000,0.000,0.000,0.000,0.000,0.000,0.000,0.000,0.000,"",
11.441,Right,-3.795,-0.279,-1.239,0.000,1.000,0.000,0.000,0.000,0.000,0.000,0.000,0.000,0.000,"",
11.457,Right,-3.795,-0.279,-1.239,0.000,1.000,0.000,0.000,0.000,0.000,0.000,0.000,0.000,0.000,"",
11.470,Right,-3.795,-0.279,-1.239,0.000,1.000,0.000,0.000,0.000,0.000,0.000,0.000,0.000,0.000,"",
11.485,Right,-3.795,-0.279,-1.239,0.000,1.000,0.000,0.000,0.000,0.000,0.000,0.000,0.000,0.000,"",
11.512,Right,-3.795,-0.279,-1.239,0.000,1.000,0.000,0.000,0.000,0.000,0.000,0.000,0.000,0.000,"",
11.527,Right,-3.795,-0.279,-1.239,0.000,1.000,0.000,0.000,0.000,0.000,0.000,0.000,0.000,0.000,"",
11.552,Right,-3.795,-0.279,-1.239,0.000,1.000,0.000,0.000,0.000,0.000,0.000,0.000,0.000,0.000,"",
11.566,Right,-3.795,-0.279,-1.239,0.000,1.000,0.000,0.000,0.000,0.000,0.000,0.000,0.000,0.000,"",
11.581,Right,-3.795,-0.279,-1.239,0.000,1.000,0.000,0.000,0.000,0.000,0.000,0.000,0.000,0.000,"",
11.595,Right,-3.795,-0.279,-1.239,0.000,1.000,0.000,0.000,0.000,0.000,0.000,0.000,0.000,0.000,"",
11.608,Right,-3.795,-0.279,-1.239,0.000,1.000,0.000,0.000,0.000,0.000,0.000,0.000,0.000,0.000,"",
11.622,Right,-3.795,-0.279,-1.239,0.000,1.000,0.000,0.000,0.000,0.000,0.000,0.000,0.000,0.000,"",
11.636,Right,-3.795,-0.279,-1.239,0.000,1.000,0.000,0.000,0.000,0.000,0.000,0.000,0.000,0.000,"",
11.649,Right,-3.795,-0.279,-1.239,0.000,1.000,0.000,0.000,0.000,0.000,0.000,0.000,0.000,0.000,"",
11.664,Right,-3.795,-0.279,-1.239,0.000,1.000,0.000,0.000,0.000,0.000,0.000,0.000,0.000,0.000,"",
11.678,Right,-3.795,-0.279,-1.239,0.000,1.000,0.000,0.000,0.000,0.000,0.000,0.000,0.000,0.000,"",
11.691,Right,-3.795,-0.279,-1.239,0.000,1.000,0.000,0.000,0.000,0.000,0.000,0.000,0.000,0.000,"",
11.706,Right,-3.795,-0.279,-1.239,0.000,1.000,0.000,0.000,0.000,0.000,0.000,0.000,0.000,0.000,"",
11.720,Right,-3.795,-0.279,-1.239,0.000,1.000,0.000,0.000,0.000,0.000,0.000,0.000,0.000,0.000,"",
11.735,Right,-3.795,-0.279,-1.239,0.000,1.000,0.000,0.000,0.000,0.000,0.000,0.000,0.000,0.000,"",
11.748,Right,-3.795,-0.279,-1.239,0.000,1.000,0.000,0.000,0.000,0.000,0.000,0.000,0.000,0.000,"",
11.763,Right,-3.795,-0.279,-1.239,0.000,1.000,0.000,0.000,0.000,0.000,0.000,0.000,0.000,0.000,"",
11.776,Right,-3.795,-0.279,-1.239,0.000,1.000,0.000,0.000,0.000,0.000,0.000,0.000,0.000,0.000,"",
11.789,Right,-3.795,-0.279,-1.239,0.000,1.000,0.000,0.000,0.000,0.000,0.000,0.000,0.000,0.000,"",
11.804,Right,-3.795,-0.279,-1.239,0.000,1.000,0.000,0.000,0.000,0.000,0.000,0.000,0.000,0.000,"",
11.818,Right,-3.795,-0.279,-1.239,0.000,1.000,0.000,0.000,0.000,0.000,0.000,0.000,0.000,0.000,"",
11.831,Right,-3.795,-0.279,-1.239,0.000,1.000,0.000,0.000,0.000,0.000,0.000,0.000,0.000,0.000,"",
11.846,Right,-3.795,-0.279,-1.239,0.000,1.000,0.000,0.000,0.000,0.000,0.000,0.000,0.000,0.000,"",
11.860,Right,-3.795,-0.279,-1.239,0.000,1.000,0.000,0.000,0.000,0.000,0.000,0.000,0.000,0.000,"",
11.874,Right,-3.795,-0.279,-1.239,0.000,1.000,0.000,0.000,0.000,0.000,0.000,0.000,0.000,0.000,"",
11.886,Right,-3.795,-0.279,-1.239,0.000,1.000,0.000,0.000,0.000,0.000,0.000,0.000,0.000,0.000,"",
11.902,Right,-3.795,-0.279,-1.239,0.000,1.000,0.000,0.000,0.000,0.000,0.000,0.000,0.000,0.000,"",
11.916,Right,-3.795,-0.279,-1.239,0.000,1.000,0.000,0.000,0.000,0.000,0.000,0.000,0.000,0.000,"",
11.929,Right,-3.795,-0.279,-1.239,0.000,1.000,0.000,0.000,0.000,0.000,0.000,0.000,0.000,0.000,"",
11.944,Right,-3.795,-0.279,-1.239,0.000,1.000,0.000,0.000,0.000,0.000,0.000,0.000,0.000,0.000,"",
11.958,Right,-3.795,-0.279,-1.239,0.000,1.000,0.000,0.000,0.000,0.000,0.000,0.000,0.000,0.000,"",
11.971,Right,-3.795,-0.279,-1.239,0.000,1.000,0.000,0.000,0.000,0.000,0.000,0.000,0.000,0.000,"",
11.986,Right,-3.795,-0.279,-1.239,0.000,1.000,0.000,0.000,0.000,0.000,0.000,0.000,0.000,0.000,"",
12.001,Right,-3.795,-0.279,-1.239,0.000,1.000,0.000,0.000,0.000,0.000,0.000,0.000,0.000,0.000,"",
12.018,Right,-3.795,-0.279,-1.239,0.000,1.000,0.000,0.000,0.000,0.000,0.000,0.000,0.000,0.000,"",
12.041,Right,-3.795,-0.279,-1.239,0.000,1.000,0.000,0.000,0.000,0.000,0.000,0.000,0.000,0.000,"",
12.058,Right,-3.795,-0.279,-1.239,0.000,1.000,0.000,0.000,0.000,0.000,0.000,0.000,0.000,0.000,"",
12.082,Right,-3.795,-0.279,-1.239,0.000,1.000,0.000,0.000,0.000,0.000,0.000,0.000,0.000,0.000,"",
12.100,Right,-3.795,-0.279,-1.239,0.000,1.000,0.000,0.000,0.000,0.000,0.000,0.000,0.000,0.000,"",
12.125,Right,-3.795,-0.279,-1.239,0.000,1.000,0.000,0.000,0.000,0.000,0.000,0.000,0.000,0.000,"",
12.140,Right,-3.795,-0.279,-1.239,0.000,1.000,0.000,0.000,0.000,0.000,0.000,0.000,0.000,0.000,"",
12.166,Right,-3.795,-0.279,-1.239,0.000,1.000,0.000,0.000,0.000,0.000,0.000,0.000,0.000,0.000,"",
12.181,Right,-3.795,-0.279,-1.239,0.000,1.000,0.000,0.000,0.000,0.000,0.000,0.000,0.000,0.000,"",
12.195,Right,-3.795,-0.279,-1.239,0.000,1.000,0.000,0.000,0.000,0.000,0.000,0.000,0.000,0.000,"",
12.220,Right,-3.795,-0.279,-1.239,0.000,1.000,0.000,0.000,0.000,0.000,0.000,0.000,0.000,0.000,"",
12.235,Right,-3.795,-0.279,-1.239,0.000,1.000,0.000,0.000,0.000,0.000,0.000,0.000,0.000,0.000,"",
12.246,Right,-3.795,-0.279,-1.239,0.000,1.000,0.000,0.000,0.000,0.000,0.000,0.000,0.000,0.000,"",
12.261,Right,-3.795,-0.279,-1.239,0.000,1.000,0.000,0.000,0.000,0.000,0.000,0.000,0.000,0.000,"",
12.276,Right,-3.795,-0.279,-1.239,0.000,1.000,0.000,0.000,0.000,0.000,0.000,0.000,0.000,0.000,"",
12.291,Right,-3.795,-0.279,-1.239,0.000,1.000,0.000,0.000,0.000,0.000,0.000,0.000,0.000,0.000,"",
12.306,Right,-3.795,-0.279,-1.239,0.000,1.000,0.000,0.000,0.000,0.000,0.000,0.000,0.000,0.000,"",
12.318,Right,-3.795,-0.279,-1.239,0.000,1.000,0.000,0.000,0.000,0.000,0.000,0.000,0.000,0.000,"",
12.331,Right,-3.795,-0.279,-1.239,0.000,1.000,0.000,0.000,0.000,0.000,0.000,0.000,0.000,0.000,"",
12.345,Right,-3.795,-0.279,-1.239,0.000,1.000,0.000,0.000,0.000,0.000,0.000,0.000,0.000,0.000,"",
12.360,Right,-3.795,-0.279,-1.239,0.000,1.000,0.000,0.000,0.000,0.000,0.000,0.000,0.000,0.000,"",
12.373,Right,-3.795,-0.279,-1.239,0.000,1.000,0.000,0.000,0.000,0.000,0.000,0.000,0.000,0.000,"",
12.387,Right,-3.795,-0.279,-1.239,0.000,1.000,0.000,0.000,0.000,0.000,0.000,0.000,0.000,0.000,"",
12.401,Right,-3.795,-0.279,-1.239,0.000,1.000,0.000,0.000,0.000,0.000,0.000,0.000,0.000,0.000,"",
12.417,Right,-3.795,-0.279,-1.239,0.000,1.000,0.000,0.000,0.000,0.000,0.000,0.000,0.000,0.000,"",
12.430,Right,-3.795,-0.279,-1.239,0.000,1.000,0.000,0.000,0.000,0.000,0.000,0.000,0.000,0.000,"",
12.444,Right,-3.795,-0.279,-1.239,0.000,1.000,0.000,0.000,0.000,0.000,0.000,0.000,0.000,0.000,"",
12.459,Right,-3.795,-0.279,-1.239,0.000,1.000,0.000,0.000,0.000,0.000,0.000,0.000,0.000,0.000,"",
12.470,Right,-3.795,-0.279,-1.239,0.000,1.000,0.000,0.000,0.000,0.000,0.000,0.000,0.000,0.000,"",
12.485,Right,-3.795,-0.279,-1.239,0.000,1.000,0.000,0.000,0.000,0.000,0.000,0.000,0.000,0.000,"",
12.501,Right,-3.795,-0.279,-1.239,0.000,1.000,0.000,0.000,0.000,0.000,0.000,0.000,0.000,0.000,"",
12.513,Right,-3.795,-0.279,-1.239,0.000,1.000,0.000,0.000,0.000,0.000,0.000,0.000,0.000,0.000,"",
12.528,Right,-3.795,-0.279,-1.239,0.000,1.000,0.000,0.000,0.000,0.000,0.000,0.000,0.000,0.000,"",
12.544,Right,-3.795,-0.279,-1.239,0.000,1.000,0.000,0.000,0.000,0.000,0.000,0.000,0.000,0.000,"",
12.558,Right,-3.795,-0.279,-1.239,0.000,1.000,0.000,0.000,0.000,0.000,0.000,0.000,0.000,0.000,"",
12.570,Right,-3.795,-0.279,-1.239,0.000,1.000,0.000,0.000,0.000,0.000,0.000,0.000,0.000,0.000,"",
12.583,Right,-3.795,-0.279,-1.239,0.000,1.000,0.000,0.000,0.000,0.000,0.000,0.000,0.000,0.000,"",
12.599,Right,-3.795,-0.279,-1.239,0.000,1.000,0.000,0.000,0.000,0.000,0.000,0.000,0.000,0.000,"",
12.611,Right,-3.795,-0.279,-1.239,0.000,1.000,0.000,0.000,0.000,0.000,0.000,0.000,0.000,0.000,"",
12.627,Right,-3.795,-0.279,-1.239,0.000,1.000,0.000,0.000,0.000,0.000,0.000,0.000,0.000,0.000,"",
12.640,Right,-3.795,-0.279,-1.239,0.000,1.000,0.000,0.000,0.000,0.000,0.000,0.000,0.000,0.000,"",
12.654,Right,-3.795,-0.279,-1.239,0.000,1.000,0.000,0.000,0.000,0.000,0.000,0.000,0.000,0.000,"",
12.666,Right,-3.795,-0.279,-1.239,0.000,1.000,0.000,0.000,0.000,0.000,0.000,0.000,0.000,0.000,"",
12.680,Right,-3.795,-0.279,-1.239,0.000,1.000,0.000,0.000,0.000,0.000,0.000,0.000,0.000,0.000,"",
12.697,Right,-3.795,-0.279,-1.239,0.000,1.000,0.000,0.000,0.000,0.000,0.000,0.000,0.000,0.000,"",
12.707,Right,-3.795,-0.279,-1.239,0.000,1.000,0.000,0.000,0.000,0.000,0.000,0.000,0.000,0.000,"",
12.722,Right,-3.795,-0.279,-1.239,0.000,1.000,0.000,0.000,0.000,0.000,0.000,0.000,0.000,0.000,"",
12.737,Right,-3.795,-0.279,-1.239,0.000,1.000,0.000,0.000,0.000,0.000,0.000,0.000,0.000,0.000,"",
12.751,Right,-3.795,-0.279,-1.239,0.000,1.000,0.000,0.000,0.000,0.000,0.000,0.000,0.000,0.000,"",
12.767,Right,-3.795,-0.279,-1.239,0.000,1.000,0.000,0.000,0.000,0.000,0.000,0.000,0.000,0.000,"",
12.781,Right,-3.795,-0.279,-1.239,0.000,1.000,0.000,0.000,0.000,0.000,0.000,0.000,0.000,0.000,"",
12.793,Right,-3.795,-0.279,-1.239,0.000,1.000,0.000,0.000,0.000,0.000,0.000,0.000,0.000,0.000,"",
12.805,Right,-3.795,-0.279,-1.239,0.000,1.000,0.000,0.000,0.000,0.000,0.000,0.000,0.000,0.000,"",
12.820,Right,-3.795,-0.279,-1.239,0.000,1.000,0.000,0.000,0.000,0.000,0.000,0.000,0.000,0.000,"",
12.835,Right,-3.795,-0.279,-1.239,0.000,1.000,0.000,0.000,0.000,0.000,0.000,0.000,0.000,0.000,"",
12.848,Right,-3.795,-0.279,-1.239,0.000,1.000,0.000,0.000,0.000,0.000,0.000,0.000,0.000,0.000,"",
12.863,Right,-3.795,-0.279,-1.239,0.000,1.000,0.000,0.000,0.000,0.000,0.000,0.000,0.000,0.000,"",
12.877,Right,-3.795,-0.279,-1.239,0.000,1.000,0.000,0.000,0.000,0.000,0.000,0.000,0.000,0.000,"",
12.891,Right,-3.795,-0.279,-1.239,0.000,1.000,0.000,0.000,0.000,0.000,0.000,0.000,0.000,0.000,"",
12.905,Right,-3.795,-0.279,-1.239,0.000,1.000,0.000,0.000,0.000,0.000,0.000,0.000,0.000,0.000,"",
12.920,Right,-3.795,-0.279,-1.239,0.000,1.000,0.000,0.000,0.000,0.000,0.000,0.000,0.000,0.000,"",
12.933,Right,-3.795,-0.279,-1.239,0.000,1.000,0.000,0.000,0.000,0.000,0.000,0.000,0.000,0.000,"",
12.947,Right,-3.795,-0.279,-1.239,0.000,1.000,0.000,0.000,0.000,0.000,0.000,0.000,0.000,0.000,"",
12.960,Right,-3.795,-0.279,-1.239,0.000,1.000,0.000,0.000,0.000,0.000,0.000,0.000,0.000,0.000,"",
12.974,Right,-3.795,-0.279,-1.239,0.000,1.000,0.000,0.000,0.000,0.000,0.000,0.000,0.000,0.000,"",
12.989,Right,-3.795,-0.279,-1.239,0.000,1.000,0.000,0.000,0.000,0.000,0.000,0.000,0.000,0.000,"",
13.002,Right,-3.795,-0.279,-1.239,0.000,1.000,0.000,0.000,0.000,0.000,0.000,0.000,0.000,0.000,"",
13.015,Right,-3.795,-0.279,-1.239,0.000,1.000,0.000,0.000,0.000,0.000,0.000,0.000,0.000,0.000,"",
13.028,Right,-3.795,-0.279,-1.239,0.000,1.000,0.000,0.000,0.000,0.000,0.000,0.000,0.000,0.000,"",
13.044,Right,-3.795,-0.279,-1.239,0.000,1.000,0.000,0.000,0.000,0.000,0.000,0.000,0.000,0.000,"",
13.059,Right,-3.795,-0.279,-1.239,0.000,1.000,0.000,0.000,0.000,0.000,0.000,0.000,0.000,0.000,"",
13.071,Right,-3.795,-0.279,-1.239,0.000,1.000,0.000,0.000,0.000,0.000,0.000,0.000,0.000,0.000,"",
13.087,Right,-3.795,-0.279,-1.239,0.000,1.000,0.000,0.000,0.000,0.000,0.000,0.000,0.000,0.000,"",
13.100,Right,-3.795,-0.279,-1.239,0.000,1.000,0.000,0.000,0.000,0.000,0.000,0.000,0.000,0.000,"",
13.115,Right,-3.795,-0.279,-1.239,0.000,1.000,0.000,0.000,0.000,0.000,0.000,0.000,0.000,0.000,"",
13.128,Right,-3.795,-0.279,-1.239,0.000,1.000,0.000,0.000,0.000,0.000,0.000,0.000,0.000,0.000,"",
13.144,Right,-3.795,-0.279,-1.239,0.000,1.000,0.000,0.000,0.000,0.000,0.000,0.000,0.000,0.000,"",
13.157,Right,-3.795,-0.279,-1.239,0.000,1.000,0.000,0.000,0.000,0.000,0.000,0.000,0.000,0.000,"",
13.169,Right,-3.795,-0.279,-1.239,0.000,1.000,0.000,0.000,0.000,0.000,0.000,0.000,0.000,0.000,"",
13.183,Right,-3.795,-0.279,-1.239,0.000,1.000,0.000,0.000,0.000,0.000,0.000,0.000,0.000,0.000,"",
13.197,Right,-3.795,-0.279,-1.239,0.000,1.000,0.000,0.000,0.000,0.000,0.000,0.000,0.000,0.000,"",
13.210,Right,-3.795,-0.279,-1.239,0.000,1.000,0.000,0.000,0.000,0.000,0.000,0.000,0.000,0.000,"",
13.224,Right,-3.795,-0.279,-1.239,0.000,1.000,0.000,0.000,0.000,0.000,0.000,0.000,0.000,0.000,"",
13.239,Right,-3.795,-0.279,-1.239,0.000,1.000,0.000,0.000,0.000,0.000,0.000,0.000,0.000,0.000,"",
13.252,Right,-3.795,-0.279,-1.239,0.000,1.000,0.000,0.000,0.000,0.000,0.000,0.000,0.000,0.000,"",
13.266,Right,-3.795,-0.279,-1.239,0.000,1.000,0.000,0.000,0.000,0.000,0.000,0.000,0.000,0.000,"",
13.281,Right,-3.795,-0.279,-1.239,0.000,1.000,0.000,0.000,0.000,0.000,0.000,0.000,0.000,0.000,"",
13.295,Right,-3.795,-0.279,-1.239,0.000,1.000,0.000,0.000,0.000,0.000,0.000,0.000,0.000,0.000,"",
13.307,Right,-3.795,-0.279,-1.239,0.000,1.000,0.000,0.000,0.000,0.000,0.000,0.000,0.000,0.000,"",
13.323,Right,-3.795,-0.279,-1.239,0.000,1.000,0.000,0.000,0.000,0.000,0.000,0.000,0.000,0.000,"",
13.336,Right,-3.795,-0.279,-1.239,0.000,1.000,0.000,0.000,0.000,0.000,0.000,0.000,0.000,0.000,"",
13.349,Right,-3.795,-0.279,-1.239,0.000,1.000,0.000,0.000,0.000,0.000,0.000,0.000,0.000,0.000,"",
13.365,Right,-3.795,-0.279,-1.239,0.000,1.000,0.000,0.000,0.000,0.000,0.000,0.000,0.000,0.000,"",
13.378,Right,-3.795,-0.279,-1.239,0.000,1.000,0.000,0.000,0.000,0.000,0.000,0.000,0.000,0.000,"",
13.391,Right,-3.795,-0.279,-1.239,0.000,1.000,0.000,0.000,0.000,0.000,0.000,0.000,0.000,0.000,"",
13.406,Right,-3.795,-0.279,-1.239,0.000,1.000,0.000,0.000,0.000,0.000,0.000,0.000,0.000,0.000,"",
13.420,Right,-3.795,-0.279,-1.239,0.000,1.000,0.000,0.000,0.000,0.000,0.000,0.000,0.000,0.000,"",
13.432,Right,-3.795,-0.279,-1.239,0.000,1.000,0.000,0.000,0.000,0.000,0.000,0.000,0.000,0.000,"",
13.448,Right,-3.795,-0.279,-1.239,0.000,1.000,0.000,0.000,0.000,0.000,0.000,0.000,0.000,0.000,"",
13.462,Right,-3.795,-0.279,-1.239,0.000,1.000,0.000,0.000,0.000,0.000,0.000,0.000,0.000,0.000,"",
13.476,Right,-3.795,-0.279,-1.239,0.000,1.000,0.000,0.000,0.000,0.000,0.000,0.000,0.000,0.000,"",
13.489,Right,-3.795,-0.279,-1.239,0.000,1.000,0.000,0.000,0.000,0.000,0.000,0.000,0.000,0.000,"",
13.504,Right,-3.795,-0.279,-1.239,0.000,1.000,0.000,0.000,0.000,0.000,0.000,0.000,0.000,0.000,"",
13.518,Right,-3.795,-0.279,-1.239,0.000,1.000,0.000,0.000,0.000,0.000,0.000,0.000,0.000,0.000,"",
13.531,Right,-3.795,-0.279,-1.239,0.000,1.000,0.000,0.000,0.000,0.000,0.000,0.000,0.000,0.000,"",
13.545,Right,-3.795,-0.279,-1.239,0.000,1.000,0.000,0.000,0.000,0.000,0.000,0.000,0.000,0.000,"",
13.559,Right,-3.795,-0.279,-1.239,0.000,1.000,0.000,0.000,0.000,0.000,0.000,0.000,0.000,0.000,"",
13.572,Right,-3.795,-0.279,-1.239,0.000,1.000,0.000,0.000,0.000,0.000,0.000,0.000,0.000,0.000,"",
13.587,Right,-3.795,-0.279,-1.239,0.000,1.000,0.000,0.000,0.000,0.000,0.000,0.000,0.000,0.000,"",
13.601,Right,-3.795,-0.279,-1.239,0.000,1.000,0.000,0.000,0.000,0.000,0.000,0.000,0.000,0.000,"",
13.616,Right,-3.795,-0.279,-1.239,0.000,1.000,0.000,0.000,0.000,0.000,0.000,0.000,0.000,0.000,"",
13.629,Right,-3.795,-0.279,-1.239,0.000,1.000,0.000,0.000,0.000,0.000,0.000,0.000,0.000,0.000,"",
13.643,Right,-3.795,-0.279,-1.239,0.000,1.000,0.000,0.000,0.000,0.000,0.000,0.000,0.000,0.000,"",
13.657,Right,-3.795,-0.279,-1.239,0.000,1.000,0.000,0.000,0.000,0.000,0.000,0.000,0.000,0.000,"",
13.670,Right,-3.795,-0.279,-1.239,0.000,1.000,0.000,0.000,0.000,0.000,0.000,0.000,0.000,0.000,"",
13.685,Right,-3.795,-0.279,-1.239,0.000,1.000,0.000,0.000,0.000,0.000,0.000,0.000,0.000,0.000,"",
13.699,Right,-3.795,-0.279,-1.239,0.000,1.000,0.000,0.000,0.000,0.000,0.000,0.000,0.000,0.000,"",
13.711,Right,-3.795,-0.279,-1.239,0.000,1.000,0.000,0.000,0.000,0.000,0.000,0.000,0.000,0.000,"",
13.727,Right,-3.795,-0.279,-1.239,0.000,1.000,0.000,0.000,0.000,0.000,0.000,0.000,0.000,0.000,"",
13.741,Right,-3.795,-0.279,-1.239,0.000,1.000,0.000,0.000,0.000,0.000,0.000,0.000,0.000,0.000,"",
13.754,Right,-3.795,-0.279,-1.239,0.000,1.000,0.000,0.000,0.000,0.000,0.000,0.000,0.000,0.000,"",
13.767,Right,-3.795,-0.279,-1.239,0.000,1.000,0.000,0.000,0.000,0.000,0.000,0.000,0.000,0.000,"",
13.783,Right,-3.795,-0.279,-1.239,0.000,1.000,0.000,0.000,0.000,0.000,0.000,0.000,0.000,0.000,"",
13.797,Right,-3.795,-0.279,-1.239,0.000,1.000,0.000,0.000,0.000,0.000,0.000,0.000,0.000,0.000,"",
13.809,Right,-3.795,-0.279,-1.239,0.000,1.000,0.000,0.000,0.000,0.000,0.000,0.000,0.000,0.000,"",
13.825,Right,-3.795,-0.279,-1.239,0.000,1.000,0.000,0.000,0.000,0.000,0.000,0.000,0.000,0.000,"",
13.838,Right,-3.795,-0.279,-1.239,0.000,1.000,0.000,0.000,0.000,0.000,0.000,0.000,0.000,0.000,"",
13.851,Right,-3.795,-0.279,-1.239,0.000,1.000,0.000,0.000,0.000,0.000,0.000,0.000,0.000,0.000,"",
13.866,Right,-3.795,-0.279,-1.239,0.000,1.000,0.000,0.000,0.000,0.000,0.000,0.000,0.000,0.000,"",
13.880,Right,-3.795,-0.279,-1.239,0.000,1.000,0.000,0.000,0.000,0.000,0.000,0.000,0.000,0.000,"",
13.893,Right,-3.795,-0.279,-1.239,0.000,1.000,0.000,0.000,0.000,0.000,0.000,0.000,0.000,0.000,"",
13.908,Right,-3.795,-0.279,-1.239,0.000,1.000,0.000,0.000,0.000,0.000,0.000,0.000,0.000,0.000,"",
13.922,Right,-3.795,-0.279,-1.239,0.000,1.000,0.000,0.000,0.000,0.000,0.000,0.000,0.000,0.000,"",
13.936,Right,-3.795,-0.279,-1.239,0.000,1.000,0.000,0.000,0.000,0.000,0.000,0.000,0.000,0.000,"",
13.949,Right,-3.795,-0.279,-1.239,0.000,1.000,0.000,0.000,0.000,0.000,0.000,0.000,0.000,0.000,"",
13.964,Right,-3.795,-0.279,-1.239,0.000,1.000,0.000,0.000,0.000,0.000,0.000,0.000,0.000,0.000,"",
13.978,Right,-3.795,-0.279,-1.239,0.000,1.000,0.000,0.000,0.000,0.000,0.000,0.000,0.000,0.000,"",
13.991,Right,-3.795,-0.279,-1.239,0.000,1.000,0.000,0.000,0.000,0.000,0.000,0.000,0.000,0.000,"",
14.005,Right,-3.795,-0.279,-1.239,0.000,1.000,0.000,0.000,0.000,0.000,0.000,0.000,0.000,0.000,"",
14.019,Right,-3.795,-0.279,-1.239,0.000,1.000,0.000,0.000,0.000,0.000,0.000,0.000,0.000,0.000,"",
14.032,Right,-3.795,-0.279,-1.239,0.000,1.000,0.000,0.000,0.000,0.000,0.000,0.000,0.000,0.000,"",
14.047,Right,-3.795,-0.279,-1.239,0.000,1.000,0.000,0.000,0.000,0.000,0.000,0.000,0.000,0.000,"",
14.062,Right,-3.795,-0.279,-1.239,0.000,1.000,0.000,0.000,0.000,0.000,0.000,0.000,0.000,0.000,"",
14.076,Right,-3.795,-0.279,-1.239,0.000,1.000,0.000,0.000,0.000,0.000,0.000,0.000,0.000,0.000,"",
14.089,Right,-3.795,-0.279,-1.239,0.000,1.000,0.000,0.000,0.000,0.000,0.000,0.000,0.000,0.000,"",
14.103,Right,-3.795,-0.279,-1.239,0.000,1.000,0.000,0.000,0.000,0.000,0.000,0.000,0.000,0.000,"",
14.118,Right,-3.795,-0.279,-1.239,0.000,1.000,0.000,0.000,0.000,0.000,0.000,0.000,0.000,0.000,"",
14.130,Right,-3.795,-0.279,-1.239,0.000,1.000,0.000,0.000,0.000,0.000,0.000,0.000,0.000,0.000,"",
14.147,Right,-3.795,-0.279,-1.239,0.000,1.000,0.000,0.000,0.000,0.000,0.000,0.000,0.000,0.000,"",
14.160,Right,-3.795,-0.279,-1.239,0.000,1.000,0.000,0.000,0.000,0.000,0.000,0.000,0.000,0.000,"",
14.172,Right,-3.795,-0.279,-1.239,0.000,1.000,0.000,0.000,0.000,0.000,0.000,0.000,0.000,0.000,"",
14.185,Right,-3.795,-0.279,-1.239,0.000,1.000,0.000,0.000,0.000,0.000,0.000,0.000,0.000,0.000,"",
14.200,Right,-3.795,-0.279,-1.239,0.000,1.000,0.000,0.000,0.000,0.000,0.000,0.000,0.000,0.000,"",
14.212,Right,-3.795,-0.279,-1.239,0.000,1.000,0.000,0.000,0.000,0.000,0.000,0.000,0.000,0.000,"",
14.228,Right,-3.795,-0.279,-1.239,0.000,1.000,0.000,0.000,0.000,0.000,0.000,0.000,0.000,0.000,"",
14.244,Right,-3.795,-0.279,-1.239,0.000,1.000,0.000,0.000,0.000,0.000,0.000,0.000,0.000,0.000,"",
14.256,Right,-3.795,-0.279,-1.239,0.000,1.000,0.000,0.000,0.000,0.000,0.000,0.000,0.000,0.000,"",
14.268,Right,-3.795,-0.279,-1.239,0.000,1.000,0.000,0.000,0.000,0.000,0.000,0.000,0.000,0.000,"",
14.283,Right,-3.795,-0.279,-1.239,0.000,1.000,0.000,0.000,0.000,0.000,0.000,0.000,0.000,0.000,"",
14.298,Right,-3.795,-0.279,-1.239,0.000,1.000,0.000,0.000,0.000,0.000,0.000,0.000,0.000,0.000,"",
14.310,Right,-3.795,-0.279,-1.239,0.000,1.000,0.000,0.000,0.000,0.000,0.000,0.000,0.000,0.000,"",
14.325,Right,-3.795,-0.279,-1.239,0.000,1.000,0.000,0.000,0.000,0.000,0.000,0.000,0.000,0.000,"",
14.340,Right,-3.795,-0.279,-1.239,0.000,1.000,0.000,0.000,0.000,0.000,0.000,0.000,0.000,0.000,"",
14.353,Right,-3.795,-0.279,-1.239,0.000,1.000,0.000,0.000,0.000,0.000,0.000,0.000,0.000,0.000,"",
14.367,Right,-3.795,-0.279,-1.239,0.000,1.000,0.000,0.000,0.000,0.000,0.000,0.000,0.000,0.000,"",
14.381,Right,-3.795,-0.279,-1.239,0.000,1.000,0.000,0.000,0.000,0.000,0.000,0.000,0.000,0.000,"",
14.395,Right,-3.795,-0.279,-1.239,0.000,1.000,0.000,0.000,0.000,0.000,0.000,0.000,0.000,0.000,"",
14.408,Right,-3.795,-0.279,-1.239,0.000,1.000,0.000,0.000,0.000,0.000,0.000,0.000,0.000,0.000,"",
14.423,Right,-3.795,-0.279,-1.239,0.000,1.000,0.000,0.000,0.000,0.000,0.000,0.000,0.000,0.000,"",
14.436,Right,-3.795,-0.279,-1.239,0.000,1.000,0.000,0.000,0.000,0.000,0.000,0.000,0.000,0.000,"",
14.450,Right,-3.795,-0.279,-1.239,0.000,1.000,0.000,0.000,0.000,0.000,0.000,0.000,0.000,0.000,"",
14.466,Right,-3.795,-0.279,-1.239,0.000,1.000,0.000,0.000,0.000,0.000,0.000,0.000,0.000,0.000,"",
14.479,Right,-3.795,-0.279,-1.239,0.000,1.000,0.000,0.000,0.000,0.000,0.000,0.000,0.000,0.000,"",
14.493,Right,-3.795,-0.279,-1.239,0.000,1.000,0.000,0.000,0.000,0.000,0.000,0.000,0.000,0.000,"",
14.507,Right,-3.795,-0.279,-1.239,0.000,1.000,0.000,0.000,0.000,0.000,0.000,0.000,0.000,0.000,"",
14.521,Right,-3.795,-0.279,-1.239,0.000,1.000,0.000,0.000,0.000,0.000,0.000,0.000,0.000,0.000,"",
14.536,Right,-3.795,-0.279,-1.239,0.000,1.000,0.000,0.000,0.000,0.000,0.000,0.000,0.000,0.000,"",
14.548,Right,-3.795,-0.279,-1.239,0.000,1.000,0.000,0.000,0.000,0.000,0.000,0.000,0.000,0.000,"",
14.563,Right,-3.795,-0.279,-1.239,0.000,1.000,0.000,0.000,0.000,0.000,0.000,0.000,0.000,0.000,"",
14.577,Right,-3.795,-0.279,-1.239,0.000,1.000,0.000,0.000,0.000,0.000,0.000,0.000,0.000,0.000,"",
14.589,Right,-3.795,-0.279,-1.239,0.000,1.000,0.000,0.000,0.000,0.000,0.000,0.000,0.000,0.000,"",
14.605,Right,-3.795,-0.279,-1.239,0.000,1.000,0.000,0.000,0.000,0.000,0.000,0.000,0.000,0.000,"",
14.619,Right,-3.795,-0.279,-1.239,0.000,1.000,0.000,0.000,0.000,0.000,0.000,0.000,0.000,0.000,"",
14.630,Right,-3.795,-0.279,-1.239,0.000,1.000,0.000,0.000,0.000,0.000,0.000,0.000,0.000,0.000,"",
14.646,Right,-3.795,-0.279,-1.239,0.000,1.000,0.000,0.000,0.000,0.000,0.000,0.000,0.000,0.000,"",
14.660,Right,-3.795,-0.279,-1.239,0.000,1.000,0.000,0.000,0.000,0.000,0.000,0.000,0.000,0.000,"",
14.674,Right,-3.795,-0.279,-1.239,0.000,1.000,0.000,0.000,0.000,0.000,0.000,0.000,0.000,0.000,"",
14.686,Right,-3.795,-0.279,-1.239,0.000,1.000,0.000,0.000,0.000,0.000,0.000,0.000,0.000,0.000,"",
14.702,Right,-3.795,-0.279,-1.239,0.000,1.000,0.000,0.000,0.000,0.000,0.000,0.000,0.000,0.000,"",
14.715,Right,-3.795,-0.279,-1.239,0.000,1.000,0.000,0.000,0.000,0.000,0.000,0.000,0.000,0.000,"",
14.728,Right,-3.795,-0.279,-1.239,0.000,1.000,0.000,0.000,0.000,0.000,0.000,0.000,0.000,0.000,"",
14.744,Right,-3.795,-0.279,-1.239,0.000,1.000,0.000,0.000,0.000,0.000,0.000,0.000,0.000,0.000,"",
14.758,Right,-3.795,-0.279,-1.239,0.000,1.000,0.000,0.000,0.000,0.000,0.000,0.000,0.000,0.000,"",
14.770,Right,-3.795,-0.279,-1.239,0.000,1.000,0.000,0.000,0.000,0.000,0.000,0.000,0.000,0.000,"",
14.785,Right,-3.795,-0.279,-1.239,0.000,1.000,0.000,0.000,0.000,0.000,0.000,0.000,0.000,0.000,"",
14.800,Right,-3.795,-0.279,-1.239,0.000,1.000,0.000,0.000,0.000,0.000,0.000,0.000,0.000,0.000,"",
14.812,Right,-3.795,-0.279,-1.239,0.000,1.000,0.000,0.000,0.000,0.000,0.000,0.000,0.000,0.000,"",
14.828,Right,-3.795,-0.279,-1.239,0.000,1.000,0.000,0.000,0.000,0.000,0.000,0.000,0.000,0.000,"",
14.841,Right,-3.795,-0.279,-1.239,0.000,1.000,0.000,0.000,0.000,0.000,0.000,0.000,0.000,0.000,"",
14.855,Right,-3.795,-0.279,-1.239,0.000,1.000,0.000,0.000,0.000,0.000,0.000,0.000,0.000,0.000,"",
14.868,Right,-3.795,-0.279,-1.239,0.000,1.000,0.000,0.000,0.000,0.000,0.000,0.000,0.000,0.000,"",
14.883,Right,-3.795,-0.279,-1.239,0.000,1.000,0.000,0.000,0.000,0.000,0.000,0.000,0.000,0.000,"",
14.897,Right,-3.795,-0.279,-1.239,0.000,1.000,0.000,0.000,0.000,0.000,0.000,0.000,0.000,0.000,"",
14.910,Right,-3.795,-0.279,-1.239,0.000,1.000,0.000,0.000,0.000,0.000,0.000,0.000,0.000,0.000,"",
14.925,Right,-3.795,-0.279,-1.239,0.000,1.000,0.000,0.000,0.000,0.000,0.000,0.000,0.000,0.000,"",
14.938,Right,-3.795,-0.279,-1.239,0.000,1.000,0.000,0.000,0.000,0.000,0.000,0.000,0.000,0.000,"",
14.951,Right,-3.795,-0.279,-1.239,0.000,1.000,0.000,0.000,0.000,0.000,0.000,0.000,0.000,0.000,"",
14.966,Right,-3.795,-0.279,-1.239,0.000,1.000,0.000,0.000,0.000,0.000,0.000,0.000,0.000,0.000,"",
14.981,Right,-3.795,-0.279,-1.239,0.000,1.000,0.000,0.000,0.000,0.000,0.000,0.000,0.000,0.000,"",
14.994,Right,-3.795,-0.279,-1.239,0.000,1.000,0.000,0.000,0.000,0.000,0.000,0.000,0.000,0.000,"",
15.008,Right,-3.795,-0.279,-1.239,0.000,1.000,0.000,0.000,0.000,0.000,0.000,0.000,0.000,0.000,"",
15.022,Right,-3.795,-0.279,-1.239,0.000,1.000,0.000,0.000,0.000,0.000,0.000,0.000,0.000,0.000,"",
15.037,Right,-3.795,-0.279,-1.239,0.000,1.000,0.000,0.000,0.000,0.000,0.000,0.000,0.000,0.000,"",
15.049,Right,-3.795,-0.279,-1.239,0.000,1.000,0.000,0.000,0.000,0.000,0.000,0.000,0.000,0.000,"",
15.064,Right,-3.795,-0.279,-1.239,0.000,1.000,0.000,0.000,0.000,0.000,0.000,0.000,0.000,0.000,"",
15.079,Right,-3.795,-0.279,-1.239,0.000,1.000,0.000,0.000,0.000,0.000,0.000,0.000,0.000,0.000,"",
15.090,Right,-3.795,-0.279,-1.239,0.000,1.000,0.000,0.000,0.000,0.000,0.000,0.000,0.000,0.000,"",
15.106,Right,-3.795,-0.279,-1.239,0.000,1.000,0.000,0.000,0.000,0.000,0.000,0.000,0.000,0.000,"",
15.120,Right,-3.795,-0.279,-1.239,0.000,1.000,0.000,0.000,0.000,0.000,0.000,0.000,0.000,0.000,"",
15.134,Right,-3.795,-0.279,-1.239,0.000,1.000,0.000,0.000,0.000,0.000,0.000,0.000,0.000,0.000,"",
15.147,Right,-3.795,-0.279,-1.239,0.000,1.000,0.000,0.000,0.000,0.000,0.000,0.000,0.000,0.000,"",
15.163,Right,-3.795,-0.279,-1.239,0.000,1.000,0.000,0.000,0.000,0.000,0.000,0.000,0.000,0.000,"",
15.177,Right,-3.795,-0.279,-1.239,0.000,1.000,0.000,0.000,0.000,0.000,0.000,0.000,0.000,0.000,"",
15.190,Right,-3.795,-0.279,-1.239,0.000,1.000,0.000,0.000,0.000,0.000,0.000,0.000,0.000,0.000,"",
15.205,Right,-3.795,-0.279,-1.239,0.000,1.000,0.000,0.000,0.000,0.000,0.000,0.000,0.000,0.000,"",
15.219,Right,-3.795,-0.279,-1.239,0.000,1.000,0.000,0.000,0.000,0.000,0.000,0.000,0.000,0.000,"",
15.231,Right,-3.795,-0.279,-1.239,0.000,1.000,0.000,0.000,0.000,0.000,0.000,0.000,0.000,0.000,"",
15.248,Right,-3.795,-0.279,-1.239,0.000,1.000,0.000,0.000,0.000,0.000,0.000,0.000,0.000,0.000,"",
15.263,Right,-3.795,-0.279,-1.239,0.000,1.000,0.000,0.000,0.000,0.000,0.000,0.000,0.000,0.000,"",
15.288,Right,-3.795,-0.279,-1.239,0.000,1.000,0.000,0.000,0.000,0.000,0.000,0.000,0.000,0.000,"",
15.304,Right,-3.795,-0.279,-1.239,0.000,1.000,0.000,0.000,0.000,0.000,0.000,0.000,0.000,0.000,"",
15.319,Right,-3.795,-0.279,-1.239,0.000,1.000,0.000,0.000,0.000,0.000,0.000,0.000,0.000,0.000,"",
15.342,Right,-3.795,-0.279,-1.239,0.000,1.000,0.000,0.000,0.000,0.000,0.000,0.000,0.000,0.000,"",
15.360,Right,-3.795,-0.279,-1.239,0.000,1.000,0.000,0.000,0.000,0.000,0.000,0.000,0.000,0.000,"",
15.372,Right,-3.795,-0.279,-1.239,0.000,1.000,0.000,0.000,0.000,0.000,0.000,0.000,0.000,0.000,"",
15.386,Right,-3.795,-0.279,-1.239,0.000,1.000,0.000,0.000,0.000,0.000,0.000,0.000,0.000,0.000,"",
15.399,Right,-3.795,-0.279,-1.239,0.000,1.000,0.000,0.000,0.000,0.000,0.000,0.000,0.000,0.000,"",
15.410,Right,-3.795,-0.279,-1.239,0.000,1.000,0.000,0.000,0.000,0.000,0.000,0.000,0.000,0.000,"",
15.425,Right,-3.795,-0.279,-1.239,0.000,1.000,0.000,0.000,0.000,0.000,0.000,0.000,0.000,0.000,"",
15.439,Right,-3.795,-0.279,-1.239,0.000,1.000,0.000,0.000,0.000,0.000,0.000,0.000,0.000,0.000,"",
15.451,Right,-3.795,-0.279,-1.239,0.000,1.000,0.000,0.000,0.000,0.000,0.000,0.000,0.000,0.000,"",
15.466,Right,-3.795,-0.279,-1.239,0.000,1.000,0.000,0.000,0.000,0.000,0.000,0.000,0.000,0.000,"",
15.480,Right,-3.795,-0.279,-1.239,0.000,1.000,0.000,0.000,0.000,0.000,0.000,0.000,0.000,0.000,"",
15.494,Right,-3.795,-0.279,-1.239,0.000,1.000,0.000,0.000,0.000,0.000,0.000,0.000,0.000,0.000,"",
15.507,Right,-3.795,-0.279,-1.239,0.000,1.000,0.000,0.000,0.000,0.000,0.000,0.000,0.000,0.000,"",
15.522,Right,-3.795,-0.279,-1.239,0.000,1.000,0.000,0.000,0.000,0.000,0.000,0.000,0.000,0.000,"",
15.537,Right,-3.795,-0.279,-1.239,0.000,1.000,0.000,0.000,0.000,0.000,0.000,0.000,0.000,0.000,"",
15.549,Right,-3.795,-0.279,-1.239,0.000,1.000,0.000,0.000,0.000,0.000,0.000,0.000,0.000,0.000,"",
15.565,Right,-3.795,-0.279,-1.239,0.000,1.000,0.000,0.000,0.000,0.000,0.000,0.000,0.000,0.000,"",
15.579,Right,-3.795,-0.279,-1.239,0.000,1.000,0.000,0.000,0.000,0.000,0.000,0.000,0.000,0.000,"",
15.591,Right,-3.795,-0.279,-1.239,0.000,1.000,0.000,0.000,0.000,0.000,0.000,0.000,0.000,0.000,"",
15.606,Right,-3.795,-0.279,-1.239,0.000,1.000,0.000,0.000,0.000,0.000,0.000,0.000,0.000,0.000,"",
15.621,Right,-3.795,-0.279,-1.239,0.000,1.000,0.000,0.000,0.000,0.000,0.000,0.000,0.000,0.000,"",
15.634,Right,-3.795,-0.279,-1.239,0.000,1.000,0.000,0.000,0.000,0.000,0.000,0.000,0.000,0.000,"",
15.647,Right,-3.795,-0.279,-1.239,0.000,1.000,0.000,0.000,0.000,0.000,0.000,0.000,0.000,0.000,"",
15.662,Right,-3.795,-0.279,-1.239,0.000,1.000,0.000,0.000,0.000,0.000,0.000,0.000,0.000,0.000,"",
15.676,Right,-3.795,-0.279,-1.239,0.000,1.000,0.000,0.000,0.000,0.000,0.000,0.000,0.000,0.000,"",
15.689,Right,-3.795,-0.279,-1.239,0.000,1.000,0.000,0.000,0.000,0.000,0.000,0.000,0.000,0.000,"",
15.704,Right,-3.795,-0.279,-1.239,0.000,1.000,0.000,0.000,0.000,0.000,0.000,0.000,0.000,0.000,"",
15.718,Right,-3.795,-0.279,-1.239,0.000,1.000,0.000,0.000,0.000,0.000,0.000,0.000,0.000,0.000,"",
15.731,Right,-3.795,-0.279,-1.239,0.000,1.000,0.000,0.000,0.000,0.000,0.000,0.000,0.000,0.000,"",
15.746,Right,-3.795,-0.279,-1.239,0.000,1.000,0.000,0.000,0.000,0.000,0.000,0.000,0.000,0.000,"",
15.761,Right,-3.795,-0.279,-1.239,0.000,1.000,0.000,0.000,0.000,0.000,0.000,0.000,0.000,0.000,"",
15.775,Right,-3.795,-0.279,-1.239,0.000,1.000,0.000,0.000,0.000,0.000,0.000,0.000,0.000,0.000,"",
15.788,Right,-3.795,-0.279,-1.239,0.000,1.000,0.000,0.000,0.000,0.000,0.000,0.000,0.000,0.000,"",
15.801,Right,-3.795,-0.279,-1.239,0.000,1.000,0.000,0.000,0.000,0.000,0.000,0.000,0.000,0.000,"",
15.815,Right,-3.795,-0.279,-1.239,0.000,1.000,0.000,0.000,0.000,0.000,0.000,0.000,0.000,0.000,"",
15.829,Right,-3.795,-0.279,-1.239,0.000,1.000,0.000,0.000,0.000,0.000,0.000,0.000,0.000,0.000,"",
15.843,Right,-3.795,-0.279,-1.239,0.000,1.000,0.000,0.000,0.000,0.000,0.000,0.000,0.000,0.000,"",
15.857,Right,-3.795,-0.279,-1.239,0.000,1.000,0.000,0.000,0.000,0.000,0.000,0.000,0.000,0.000,"",
15.869,Right,-3.795,-0.279,-1.239,0.000,1.000,0.000,0.000,0.000,0.000,0.000,0.000,0.000,0.000,"",
15.884,Right,-3.795,-0.279,-1.239,0.000,1.000,0.000,0.000,0.000,0.000,0.000,0.000,0.000,0.000,"",
15.898,Right,-3.795,-0.279,-1.239,0.000,1.000,0.000,0.000,0.000,0.000,0.000,0.000,0.000,0.000,"",
15.911,Right,-3.795,-0.279,-1.239,0.000,1.000,0.000,0.000,0.000,0.000,0.000,0.000,0.000,0.000,"",
15.926,Right,-3.795,-0.279,-1.239,0.000,1.000,0.000,0.000,0.000,0.000,0.000,0.000,0.000,0.000,"",
15.940,Right,-3.795,-0.279,-1.239,0.000,1.000,0.000,0.000,0.000,0.000,0.000,0.000,0.000,0.000,"",
15.953,Right,-3.795,-0.279,-1.239,0.000,1.000,0.000,0.000,0.000,0.000,0.000,0.000,0.000,0.000,"",
15.969,Right,-3.795,-0.279,-1.239,0.000,1.000,0.000,0.000,0.000,0.000,0.000,0.000,0.000,0.000,"",
15.982,Right,-3.795,-0.279,-1.239,0.000,1.000,0.000,0.000,0.000,0.000,0.000,0.000,0.000,0.000,"",
15.996,Right,-3.795,-0.279,-1.239,0.000,1.000,0.000,0.000,0.000,0.000,0.000,0.000,0.000,0.000,"",
16.009,Right,-3.795,-0.279,-1.239,0.000,1.000,0.000,0.000,0.000,0.000,0.000,0.000,0.000,0.000,"",
16.024,Right,-3.795,-0.279,-1.239,0.000,1.000,0.000,0.000,0.000,0.000,0.000,0.000,0.000,0.000,"",
16.038,Right,-3.795,-0.279,-1.239,0.000,1.000,0.000,0.000,0.000,0.000,0.000,0.000,0.000,0.000,"",
16.051,Right,-3.795,-0.279,-1.239,0.000,1.000,0.000,0.000,0.000,0.000,0.000,0.000,0.000,0.000,"",
16.066,Right,-3.795,-0.279,-1.239,0.000,1.000,0.000,0.000,0.000,0.000,0.000,0.000,0.000,0.000,"",
16.080,Right,-3.795,-0.279,-1.239,0.000,1.000,0.000,0.000,0.000,0.000,0.000,0.000,0.000,0.000,"",
16.092,Right,-3.795,-0.279,-1.239,0.000,1.000,0.000,0.000,0.000,0.000,0.000,0.000,0.000,0.000,"",
16.108,Right,-3.795,-0.279,-1.239,0.000,1.000,0.000,0.000,0.000,0.000,0.000,0.000,0.000,0.000,"",
16.122,Right,-3.795,-0.279,-1.239,0.000,1.000,0.000,0.000,0.000,0.000,0.000,0.000,0.000,0.000,"",
16.135,Right,-3.795,-0.279,-1.239,0.000,1.000,0.000,0.000,0.000,0.000,0.000,0.000,0.000,0.000,"",
16.148,Right,-3.795,-0.279,-1.239,0.000,1.000,0.000,0.000,0.000,0.000,0.000,0.000,0.000,0.000,"",
16.163,Right,-3.795,-0.279,-1.239,0.000,1.000,0.000,0.000,0.000,0.000,0.000,0.000,0.000,0.000,"",
16.177,Right,-3.795,-0.279,-1.239,0.000,1.000,0.000,0.000,0.000,0.000,0.000,0.000,0.000,0.000,"",
16.190,Right,-3.795,-0.279,-1.239,0.000,1.000,0.000,0.000,0.000,0.000,0.000,0.000,0.000,0.000,"",
16.205,Right,-3.795,-0.279,-1.239,0.000,1.000,0.000,0.000,0.000,0.000,0.000,0.000,0.000,0.000,"",
16.219,Right,-3.795,-0.279,-1.239,0.000,1.000,0.000,0.000,0.000,0.000,0.000,0.000,0.000,0.000,"",
16.232,Right,-3.795,-0.279,-1.239,0.000,1.000,0.000,0.000,0.000,0.000,0.000,0.000,0.000,0.000,"",
16.247,Right,-3.795,-0.279,-1.239,0.000,1.000,0.000,0.000,0.000,0.000,0.000,0.000,0.000,0.000,"",
16.261,Right,-3.795,-0.279,-1.239,0.000,1.000,0.000,0.000,0.000,0.000,0.000,0.000,0.000,0.000,"",
16.275,Right,-3.795,-0.279,-1.239,0.000,1.000,0.000,0.000,0.000,0.000,0.000,0.000,0.000,0.000,"",
16.288,Right,-3.795,-0.279,-1.239,0.000,1.000,0.000,0.000,0.000,0.000,0.000,0.000,0.000,0.000,"",
16.303,Right,-3.795,-0.279,-1.239,0.000,1.000,0.000,0.000,0.000,0.000,0.000,0.000,0.000,0.000,"",
16.317,Right,-3.795,-0.279,-1.239,0.000,1.000,0.000,0.000,0.000,0.000,0.000,0.000,0.000,0.000,"",
16.329,Right,-3.795,-0.279,-1.239,0.000,1.000,0.000,0.000,0.000,0.000,0.000,0.000,0.000,0.000,"",
16.344,Right,-3.795,-0.279,-1.239,0.000,1.000,0.000,0.000,0.000,0.000,0.000,0.000,0.000,0.000,"",
16.359,Right,-3.795,-0.279,-1.239,0.000,1.000,0.000,0.000,0.000,0.000,0.000,0.000,0.000,0.000,"",
16.373,Right,-3.795,-0.279,-1.239,0.000,1.000,0.000,0.000,0.000,0.000,0.000,0.000,0.000,0.000,"",
16.387,Right,-3.795,-0.279,-1.239,0.000,1.000,0.000,0.000,0.000,0.000,0.000,0.000,0.000,0.000,"",
16.403,Right,-3.795,-0.279,-1.239,0.000,1.000,0.000,0.000,0.000,0.000,0.000,0.000,0.000,0.000,"",
16.413,Right,-3.795,-0.279,-1.239,0.000,1.000,0.000,0.000,0.000,0.000,0.000,0.000,0.000,0.000,"",
16.426,Right,-3.795,-0.279,-1.239,0.000,1.000,0.000,0.000,0.000,0.000,0.000,0.000,0.000,0.000,"",
16.441,Right,-3.795,-0.279,-1.239,0.000,1.000,0.000,0.000,0.000,0.000,0.000,0.000,0.000,0.000,"",
16.456,Right,-3.795,-0.279,-1.239,0.000,1.000,0.000,0.000,0.000,0.000,0.000,0.000,0.000,0.000,"",
16.469,Right,-3.795,-0.279,-1.239,0.000,1.000,0.000,0.000,0.000,0.000,0.000,0.000,0.000,0.000,"",
16.484,Right,-3.795,-0.279,-1.239,0.000,1.000,0.000,0.000,0.000,0.000,0.000,0.000,0.000,0.000,"",
16.497,Right,-3.795,-0.279,-1.239,0.000,1.000,0.000,0.000,0.000,0.000,0.000,0.000,0.000,0.000,"",
16.511,Right,-3.795,-0.279,-1.239,0.000,1.000,0.000,0.000,0.000,0.000,0.000,0.000,0.000,0.000,"",
16.525,Right,-3.795,-0.279,-1.239,0.000,1.000,0.000,0.000,0.000,0.000,0.000,0.000,0.000,0.000,"",
16.540,Right,-3.795,-0.279,-1.239,0.000,1.000,0.000,0.000,0.000,0.000,0.000,0.000,0.000,0.000,"",
16.553,Right,-3.795,-0.279,-1.239,0.000,1.000,0.000,0.000,0.000,0.000,0.000,0.000,0.000,0.000,"",
16.566,Right,-3.795,-0.279,-1.239,0.000,1.000,0.000,0.000,0.000,0.000,0.000,0.000,0.000,0.000,"",
16.581,Right,-3.795,-0.279,-1.239,0.000,1.000,0.000,0.000,0.000,0.000,0.000,0.000,0.000,0.000,"",
16.595,Right,-3.795,-0.279,-1.239,0.000,1.000,0.000,0.000,0.000,0.000,0.000,0.000,0.000,0.000,"",
16.608,Right,-3.795,-0.279,-1.239,0.000,1.000,0.000,0.000,0.000,0.000,0.000,0.000,0.000,0.000,"",
16.622,Right,-3.795,-0.279,-1.239,0.000,1.000,0.000,0.000,0.000,0.000,0.000,0.000,0.000,0.000,"",
16.636,Right,-3.795,-0.279,-1.239,0.000,1.000,0.000,0.000,0.000,0.000,0.000,0.000,0.000,0.000,"",
16.651,Right,-3.795,-0.279,-1.239,0.000,1.000,0.000,0.000,0.000,0.000,0.000,0.000,0.000,0.000,"",
16.664,Right,-3.795,-0.279,-1.239,0.000,1.000,0.000,0.000,0.000,0.000,0.000,0.000,0.000,0.000,"",
16.679,Right,-3.795,-0.279,-1.239,0.000,1.000,0.000,0.000,0.000,0.000,0.000,0.000,0.000,0.000,"",
16.691,Right,-3.795,-0.279,-1.239,0.000,1.000,0.000,0.000,0.000,0.000,0.000,0.000,0.000,0.000,"",
16.707,Right,-3.795,-0.279,-1.239,0.000,1.000,0.000,0.000,0.000,0.000,0.000,0.000,0.000,0.000,"",
16.720,Right,-3.795,-0.279,-1.239,0.000,1.000,0.000,0.000,0.000,0.000,0.000,0.000,0.000,0.000,"",
16.734,Right,-3.795,-0.279,-1.239,0.000,1.000,0.000,0.000,0.000,0.000,0.000,0.000,0.000,0.000,"",
16.748,Right,-3.795,-0.279,-1.239,0.000,1.000,0.000,0.000,0.000,0.000,0.000,0.000,0.000,0.000,"",
16.762,Right,-3.795,-0.279,-1.239,0.000,1.000,0.000,0.000,0.000,0.000,0.000,0.000,0.000,0.000,"",
16.777,Right,-3.795,-0.279,-1.239,0.000,1.000,0.000,0.000,0.000,0.000,0.000,0.000,0.000,0.000,"",
16.790,Right,-3.795,-0.279,-1.239,0.000,1.000,0.000,0.000,0.000,0.000,0.000,0.000,0.000,0.000,"",
16.804,Right,-3.795,-0.279,-1.239,0.000,1.000,0.000,0.000,0.000,0.000,0.000,0.000,0.000,0.000,"",
16.818,Right,-3.795,-0.279,-1.239,0.000,1.000,0.000,0.000,0.000,0.000,0.000,0.000,0.000,0.000,"",
16.832,Right,-3.795,-0.279,-1.239,0.000,1.000,0.000,0.000,0.000,0.000,0.000,0.000,0.000,0.000,"",
16.847,Right,-3.795,-0.279,-1.239,0.000,1.000,0.000,0.000,0.000,0.000,0.000,0.000,0.000,0.000,"",
16.860,Right,-3.795,-0.279,-1.239,0.000,1.000,0.000,0.000,0.000,0.000,0.000,0.000,0.000,0.000,"",
16.874,Right,-3.795,-0.279,-1.239,0.000,1.000,0.000,0.000,0.000,0.000,0.000,0.000,0.000,0.000,"",
16.887,Right,-3.795,-0.279,-1.239,0.000,1.000,0.000,0.000,0.000,0.000,0.000,0.000,0.000,0.000,"",
16.903,Right,-3.795,-0.279,-1.239,0.000,1.000,0.000,0.000,0.000,0.000,0.000,0.000,0.000,0.000,"",
16.916,Right,-3.795,-0.279,-1.239,0.000,1.000,0.000,0.000,0.000,0.000,0.000,0.000,0.000,0.000,"",
16.928,Right,-3.795,-0.279,-1.239,0.000,1.000,0.000,0.000,0.000,0.000,0.000,0.000,0.000,0.000,"",
16.943,Right,-3.795,-0.279,-1.239,0.000,1.000,0.000,0.000,0.000,0.000,0.000,0.000,0.000,0.000,"",
16.958,Right,-3.795,-0.279,-1.239,0.000,1.000,0.000,0.000,0.000,0.000,0.000,0.000,0.000,0.000,"",
16.970,Right,-3.795,-0.279,-1.239,0.000,1.000,0.000,0.000,0.000,0.000,0.000,0.000,0.000,0.000,"",
16.986,Right,-3.795,-0.279,-1.239,0.000,1.000,0.000,0.000,0.000,0.000,0.000,0.000,0.000,0.000,"",
16.999,Right,-3.795,-0.279,-1.239,0.000,1.000,0.000,0.000,0.000,0.000,0.000,0.000,0.000,0.000,"",
17.012,Right,-3.795,-0.279,-1.239,0.000,1.000,0.000,0.000,0.000,0.000,0.000,0.000,0.000,0.000,"",
17.027,Right,-3.795,-0.279,-1.239,0.000,1.000,0.000,0.000,0.000,0.000,0.000,0.000,0.000,0.000,"",
17.041,Right,-3.795,-0.279,-1.239,0.000,1.000,0.000,0.000,0.000,0.000,0.000,0.000,0.000,0.000,"",
17.055,Right,-3.795,-0.279,-1.239,0.000,1.000,0.000,0.000,0.000,0.000,0.000,0.000,0.000,0.000,"",
17.068,Right,-3.795,-0.279,-1.239,0.000,1.000,0.000,0.000,0.000,0.000,0.000,0.000,0.000,0.000,"",
17.089,Right,-3.795,-0.279,-1.239,0.000,1.000,0.000,0.000,0.000,0.000,0.000,0.000,0.000,0.000,"",
17.114,Right,-3.795,-0.279,-1.239,0.000,1.000,0.000,0.000,0.000,0.000,0.000,0.000,0.000,0.000,"",
17.128,Right,-3.795,-0.279,-1.239,0.000,1.000,0.000,0.000,0.000,0.000,0.000,0.000,0.000,0.000,"",
17.142,Right,-3.795,-0.279,-1.239,0.000,1.000,0.000,0.000,0.000,0.000,0.000,0.000,0.000,0.000,"",
17.155,Right,-3.795,-0.279,-1.239,0.000,1.000,0.000,0.000,0.000,0.000,0.000,0.000,0.000,0.000,"",
17.173,Right,-3.795,-0.279,-1.239,0.000,1.000,0.000,0.000,0.000,0.000,0.000,0.000,0.000,0.000,"",
17.194,Right,-3.795,-0.279,-1.239,0.000,1.000,0.000,0.000,0.000,0.000,0.000,0.000,0.000,0.000,"",
17.207,Right,-3.795,-0.279,-1.239,0.000,1.000,0.000,0.000,0.000,0.000,0.000,0.000,0.000,0.000,"",
17.221,Right,-3.795,-0.279,-1.239,0.000,1.000,0.000,0.000,0.000,0.000,0.000,0.000,0.000,0.000,"",
17.235,Right,-3.795,-0.279,-1.239,0.000,1.000,0.000,0.000,0.000,0.000,0.000,0.000,0.000,0.000,"",
17.247,Right,-3.795,-0.279,-1.239,0.000,1.000,0.000,0.000,0.000,0.000,0.000,0.000,0.000,0.000,"",
17.263,Right,-3.795,-0.279,-1.239,0.000,1.000,0.000,0.000,0.000,0.000,0.000,0.000,0.000,0.000,"",
17.277,Right,-3.795,-0.279,-1.239,0.000,1.000,0.000,0.000,0.000,0.000,0.000,0.000,0.000,0.000,"",
17.290,Right,-3.795,-0.279,-1.239,0.000,1.000,0.000,0.000,0.000,0.000,0.000,0.000,0.000,0.000,"",
17.306,Right,-3.795,-0.279,-1.239,0.000,1.000,0.000,0.000,0.000,0.000,0.000,0.000,0.000,0.000,"",
17.319,Right,-3.795,-0.279,-1.239,0.000,1.000,0.000,0.000,0.000,0.000,0.000,0.000,0.000,0.000,"",
17.332,Right,-3.795,-0.279,-1.239,0.000,1.000,0.000,0.000,0.000,0.000,0.000,0.000,0.000,0.000,"",
17.347,Right,-3.795,-0.279,-1.239,0.000,1.000,0.000,0.000,0.000,0.000,0.000,0.000,0.000,0.000,"",
17.361,Right,-3.795,-0.279,-1.239,0.000,1.000,0.000,0.000,0.000,0.000,0.000,0.000,0.000,0.000,"",
17.375,Right,-3.795,-0.279,-1.239,0.000,1.000,0.000,0.000,0.000,0.000,0.000,0.000,0.000,0.000,"",
17.388,Right,-3.795,-0.279,-1.239,0.000,1.000,0.000,0.000,0.000,0.000,0.000,0.000,0.000,0.000,"",
17.403,Right,-3.795,-0.279,-1.239,0.000,1.000,0.000,0.000,0.000,0.000,0.000,0.000,0.000,0.000,"",
17.417,Right,-3.795,-0.279,-1.239,0.000,1.000,0.000,0.000,0.000,0.000,0.000,0.000,0.000,0.000,"",
17.430,Right,-3.795,-0.279,-1.239,0.000,1.000,0.000,0.000,0.000,0.000,0.000,0.000,0.000,0.000,"",
17.445,Right,-3.795,-0.279,-1.239,0.000,1.000,0.000,0.000,0.000,0.000,0.000,0.000,0.000,0.000,"",
17.458,Right,-3.795,-0.279,-1.239,0.000,1.000,0.000,0.000,0.000,0.000,0.000,0.000,0.000,0.000,"",
17.471,Right,-3.795,-0.279,-1.239,0.000,1.000,0.000,0.000,0.000,0.000,0.000,0.000,0.000,0.000,"",
17.485,Right,-3.795,-0.279,-1.239,0.000,1.000,0.000,0.000,0.000,0.000,0.000,0.000,0.000,0.000,"",
17.500,Right,-3.795,-0.279,-1.239,0.000,1.000,0.000,0.000,0.000,0.000,0.000,0.000,0.000,0.000,"",
17.514,Right,-3.795,-0.279,-1.239,0.000,1.000,0.000,0.000,0.000,0.000,0.000,0.000,0.000,0.000,"",
17.527,Right,-3.795,-0.279,-1.239,0.000,1.000,0.000,0.000,0.000,0.000,0.000,0.000,0.000,0.000,"",
17.543,Right,-3.795,-0.279,-1.239,0.000,1.000,0.000,0.000,0.000,0.000,0.000,0.000,0.000,0.000,"",
17.557,Right,-3.795,-0.279,-1.239,0.000,1.000,0.000,0.000,0.000,0.000,0.000,0.000,0.000,0.000,"",
17.570,Right,-3.795,-0.279,-1.239,0.000,1.000,0.000,0.000,0.000,0.000,0.000,0.000,0.000,0.000,"",
17.584,Right,-3.795,-0.279,-1.239,0.000,1.000,0.000,0.000,0.000,0.000,0.000,0.000,0.000,0.000,"",
17.597,Right,-3.795,-0.279,-1.239,0.000,1.000,0.000,0.000,0.000,0.000,0.000,0.000,0.000,0.000,"",
17.610,Right,-3.795,-0.279,-1.239,0.000,1.000,0.000,0.000,0.000,0.000,0.000,0.000,0.000,0.000,"",
17.625,Right,-3.795,-0.279,-1.239,0.000,1.000,0.000,0.000,0.000,0.000,0.000,0.000,0.000,0.000,"",
17.639,Right,-3.795,-0.279,-1.239,0.000,1.000,0.000,0.000,0.000,0.000,0.000,0.000,0.000,0.000,"",
17.652,Right,-3.795,-0.279,-1.239,0.000,1.000,0.000,0.000,0.000,0.000,0.000,0.000,0.000,0.000,"",
17.667,Right,-3.795,-0.279,-1.239,0.000,1.000,0.000,0.000,0.000,0.000,0.000,0.000,0.000,0.000,"",
17.681,Right,-3.795,-0.279,-1.239,0.000,1.000,0.000,0.000,0.000,0.000,0.000,0.000,0.000,0.000,"",
17.695,Right,-3.795,-0.279,-1.239,0.000,1.000,0.000,0.000,0.000,0.000,0.000,0.000,0.000,0.000,"",
17.708,Right,-3.795,-0.279,-1.239,0.000,1.000,0.000,0.000,0.000,0.000,0.000,0.000,0.000,0.000,"",
17.723,Right,-3.795,-0.279,-1.239,0.000,1.000,0.000,0.000,0.000,0.000,0.000,0.000,0.000,0.000,"",
17.737,Right,-3.795,-0.279,-1.239,0.000,1.000,0.000,0.000,0.000,0.000,0.000,0.000,0.000,0.000,"",
17.749,Right,-3.795,-0.279,-1.239,0.000,1.000,0.000,0.000,0.000,0.000,0.000,0.000,0.000,0.000,"",
17.765,Right,-3.795,-0.279,-1.239,0.000,1.000,0.000,0.000,0.000,0.000,0.000,0.000,0.000,0.000,"",
17.782,Right,-3.795,-0.279,-1.239,0.000,1.000,0.000,0.000,0.000,0.000,0.000,0.000,0.000,0.000,"",
17.795,Right,-3.795,-0.279,-1.239,0.000,1.000,0.000,0.000,0.000,0.000,0.000,0.000,0.000,0.000,"",
17.808,Right,-3.795,-0.279,-1.239,0.000,1.000,0.000,0.000,0.000,0.000,0.000,0.000,0.000,0.000,"",
17.823,Right,-3.795,-0.279,-1.239,0.000,1.000,0.000,0.000,0.000,0.000,0.000,0.000,0.000,0.000,"",
17.835,Right,-3.795,-0.279,-1.239,0.000,1.000,0.000,0.000,0.000,0.000,0.000,0.000,0.000,0.000,"",
17.848,Right,-3.795,-0.279,-1.239,0.000,1.000,0.000,0.000,0.000,0.000,0.000,0.000,0.000,0.000,"",
17.863,Right,-3.795,-0.279,-1.239,0.000,1.000,0.000,0.000,0.000,0.000,0.000,0.000,0.000,0.000,"",
17.877,Right,-3.795,-0.279,-1.239,0.000,1.000,0.000,0.000,0.000,0.000,0.000,0.000,0.000,0.000,"",
17.890,Right,-3.795,-0.279,-1.239,0.000,1.000,0.000,0.000,0.000,0.000,0.000,0.000,0.000,0.000,"",
17.904,Right,-3.795,-0.279,-1.239,0.000,1.000,0.000,0.000,0.000,0.000,0.000,0.000,0.000,0.000,"",
17.918,Right,-3.795,-0.279,-1.239,0.000,1.000,0.000,0.000,0.000,0.000,0.000,0.000,0.000,0.000,"",
17.932,Right,-3.795,-0.279,-1.239,0.000,1.000,0.000,0.000,0.000,0.000,0.000,0.000,0.000,0.000,"",
17.946,Right,-3.795,-0.279,-1.239,0.000,1.000,0.000,0.000,0.000,0.000,0.000,0.000,0.000,0.000,"",
17.960,Right,-3.795,-0.279,-1.239,0.000,1.000,0.000,0.000,0.000,0.000,0.000,0.000,0.000,0.000,"",
17.973,Right,-3.795,-0.279,-1.239,0.000,1.000,0.000,0.000,0.000,0.000,0.000,0.000,0.000,0.000,"",
17.987,Right,-3.795,-0.279,-1.239,0.000,1.000,0.000,0.000,0.000,0.000,0.000,0.000,0.000,0.000,"",
18.001,Right,-3.795,-0.279,-1.239,0.000,1.000,0.000,0.000,0.000,0.000,0.000,0.000,0.000,0.000,"",
18.015,Right,-3.795,-0.279,-1.239,0.000,1.000,0.000,0.000,0.000,0.000,0.000,0.000,0.000,0.000,"",
18.027,Right,-3.795,-0.279,-1.239,0.000,1.000,0.000,0.000,0.000,0.000,0.000,0.000,0.000,0.000,"",
18.042,Right,-3.795,-0.279,-1.239,0.000,1.000,0.000,0.000,0.000,0.000,0.000,0.000,0.000,0.000,"",
18.057,Right,-3.795,-0.279,-1.239,0.000,1.000,0.000,0.000,0.000,0.000,0.000,0.000,0.000,0.000,"",
18.068,Right,-3.795,-0.279,-1.239,0.000,1.000,0.000,0.000,0.000,0.000,0.000,0.000,0.000,0.000,"",
18.083,Right,-3.795,-0.279,-1.239,0.000,1.000,0.000,0.000,0.000,0.000,0.000,0.000,0.000,0.000,"",
18.098,Right,-3.795,-0.279,-1.239,0.000,1.000,0.000,0.000,0.000,0.000,0.000,0.000,0.000,0.000,"",
18.111,Right,-3.795,-0.279,-1.239,0.000,1.000,0.000,0.000,0.000,0.000,0.000,0.000,0.000,0.000,"",
18.126,Right,-3.795,-0.279,-1.239,0.000,1.000,0.000,0.000,0.000,0.000,0.000,0.000,0.000,0.000,"",
18.140,Right,-3.795,-0.279,-1.239,0.000,1.000,0.000,0.000,0.000,0.000,0.000,0.000,0.000,0.000,"",
18.153,Right,-3.795,-0.279,-1.239,0.000,1.000,0.000,0.000,0.000,0.000,0.000,0.000,0.000,0.000,"",
18.168,Right,-3.795,-0.279,-1.239,0.000,1.000,0.000,0.000,0.000,0.000,0.000,0.000,0.000,0.000,"",
18.182,Right,-3.795,-0.279,-1.239,0.000,1.000,0.000,0.000,0.000,0.000,0.000,0.000,0.000,0.000,"",
18.196,Right,-3.795,-0.279,-1.239,0.000,1.000,0.000,0.000,0.000,0.000,0.000,0.000,0.000,0.000,"",
18.209,Right,-3.795,-0.279,-1.239,0.000,1.000,0.000,0.000,0.000,0.000,0.000,0.000,0.000,0.000,"",
18.224,Right,-3.795,-0.279,-1.239,0.000,1.000,0.000,0.000,0.000,0.000,0.000,0.000,0.000,0.000,"",
18.239,Right,-3.795,-0.279,-1.239,0.000,1.000,0.000,0.000,0.000,0.000,0.000,0.000,0.000,0.000,"",
18.251,Right,-3.795,-0.279,-1.239,0.000,1.000,0.000,0.000,0.000,0.000,0.000,0.000,0.000,0.000,"",
18.266,Right,-3.795,-0.279,-1.239,0.000,1.000,0.000,0.000,0.000,0.000,0.000,0.000,0.000,0.000,"",
18.282,Right,-3.795,-0.279,-1.239,0.000,1.000,0.000,0.000,0.000,0.000,0.000,0.000,0.000,0.000,"",
18.297,Right,-3.795,-0.279,-1.239,0.000,1.000,0.000,0.000,0.000,0.000,0.000,0.000,0.000,0.000,"",
18.309,Right,-3.795,-0.279,-1.239,0.000,1.000,0.000,0.000,0.000,0.000,0.000,0.000,0.000,0.000,"",
18.323,Right,-3.795,-0.279,-1.239,0.000,1.000,0.000,0.000,0.000,0.000,0.000,0.000,0.000,0.000,"",
18.337,Right,-3.795,-0.279,-1.239,0.000,1.000,0.000,0.000,0.000,0.000,0.000,0.000,0.000,0.000,"",
18.349,Right,-3.795,-0.279,-1.239,0.000,1.000,0.000,0.000,0.000,0.000,0.000,0.000,0.000,0.000,"",
18.365,Right,-3.795,-0.279,-1.239,0.000,1.000,0.000,0.000,0.000,0.000,0.000,0.000,0.000,0.000,"",
18.379,Right,-3.795,-0.279,-1.239,0.000,1.000,0.000,0.000,0.000,0.000,0.000,0.000,0.000,0.000,"",
18.392,Right,-3.795,-0.279,-1.239,0.000,1.000,0.000,0.000,0.000,0.000,0.000,0.000,0.000,0.000,"",
18.407,Right,-3.795,-0.279,-1.239,0.000,1.000,0.000,0.000,0.000,0.000,0.000,0.000,0.000,0.000,"",
18.423,Right,-3.795,-0.279,-1.239,0.000,1.000,0.000,0.000,0.000,0.000,0.000,0.000,0.000,0.000,"",
18.450,Right,-3.795,-0.279,-1.239,0.000,1.000,0.000,0.000,0.000,0.000,0.000,0.000,0.000,0.000,"",
18.474,Right,-3.795,-0.279,-1.239,0.000,1.000,0.000,0.000,0.000,0.000,0.000,0.000,0.000,0.000,"",
18.488,Right,-3.795,-0.279,-1.239,0.000,1.000,0.000,0.000,0.000,0.000,0.000,0.000,0.000,0.000,"",
18.502,Right,-3.795,-0.279,-1.239,0.000,1.000,0.000,0.000,0.000,0.000,0.000,0.000,0.000,0.000,"",
18.516,Right,-3.795,-0.279,-1.239,0.000,1.000,0.000,0.000,0.000,0.000,0.000,0.000,0.000,0.000,"",
18.529,Right,-3.795,-0.279,-1.239,0.000,1.000,0.000,0.000,0.000,0.000,0.000,0.000,0.000,0.000,"",
18.543,Right,-3.795,-0.279,-1.239,0.000,1.000,0.000,0.000,0.000,0.000,0.000,0.000,0.000,0.000,"",
18.556,Right,-3.795,-0.279,-1.239,0.000,1.000,0.000,0.000,0.000,0.000,0.000,0.000,0.000,0.000,"",
18.569,Right,-3.795,-0.279,-1.239,0.000,1.000,0.000,0.000,0.000,0.000,0.000,0.000,0.000,0.000,"",
18.584,Right,-3.795,-0.279,-1.239,0.000,1.000,0.000,0.000,0.000,0.000,0.000,0.000,0.000,0.000,"",
18.599,Right,-3.795,-0.279,-1.239,0.000,1.000,0.000,0.000,0.000,0.000,0.000,0.000,0.000,0.000,"",
18.612,Right,-3.795,-0.279,-1.239,0.000,1.000,0.000,0.000,0.000,0.000,0.000,0.000,0.000,0.000,"",
18.626,Right,-3.795,-0.279,-1.239,0.000,1.000,0.000,0.000,0.000,0.000,0.000,0.000,0.000,0.000,"",
18.640,Right,-3.795,-0.279,-1.239,0.000,1.000,0.000,0.000,0.000,0.000,0.000,0.000,0.000,0.000,"",
18.654,Right,-3.795,-0.279,-1.239,0.000,1.000,0.000,0.000,0.000,0.000,0.000,0.000,0.000,0.000,"",
18.666,Right,-3.795,-0.279,-1.239,0.000,1.000,0.000,0.000,0.000,0.000,0.000,0.000,0.000,0.000,"",
18.682,Right,-3.795,-0.279,-1.239,0.000,1.000,0.000,0.000,0.000,0.000,0.000,0.000,0.000,0.000,"",
18.697,Right,-3.795,-0.279,-1.239,0.000,1.000,0.000,0.000,0.000,0.000,0.000,0.000,0.000,0.000,"",
18.709,Right,-3.795,-0.279,-1.239,0.000,1.000,0.000,0.000,0.000,0.000,0.000,0.000,0.000,0.000,"",
18.724,Right,-3.795,-0.279,-1.239,0.000,1.000,0.000,0.000,0.000,0.000,0.000,0.000,0.000,0.000,"",
18.738,Right,-3.795,-0.279,-1.239,0.000,1.000,0.000,0.000,0.000,0.000,0.000,0.000,0.000,0.000,"",
18.751,Right,-3.795,-0.279,-1.239,0.000,1.000,0.000,0.000,0.000,0.000,0.000,0.000,0.000,0.000,"",
18.766,Right,-3.795,-0.279,-1.239,0.000,1.000,0.000,0.000,0.000,0.000,0.000,0.000,0.000,0.000,"",
18.781,Right,-3.795,-0.279,-1.239,0.000,1.000,0.000,0.000,0.000,0.000,0.000,0.000,0.000,0.000,"",
18.794,Right,-3.795,-0.279,-1.239,0.000,1.000,0.000,0.000,0.000,0.000,0.000,0.000,0.000,0.000,"",
18.806,Right,-3.795,-0.279,-1.239,0.000,1.000,0.000,0.000,0.000,0.000,0.000,0.000,0.000,0.000,"",
18.821,Right,-3.795,-0.279,-1.239,0.000,1.000,0.000,0.000,0.000,0.000,0.000,0.000,0.000,0.000,"",
18.834,Right,-3.795,-0.279,-1.239,0.000,1.000,0.000,0.000,0.000,0.000,0.000,0.000,0.000,0.000,"",
18.849,Right,-3.795,-0.279,-1.239,0.000,1.000,0.000,0.000,0.000,0.000,0.000,0.000,0.000,0.000,"",
18.863,Right,-3.795,-0.279,-1.239,0.000,1.000,0.000,0.000,0.000,0.000,0.000,0.000,0.000,0.000,"",
18.877,Right,-3.795,-0.279,-1.239,0.000,1.000,0.000,0.000,0.000,0.000,0.000,0.000,0.000,0.000,"",
18.890,Right,-3.795,-0.279,-1.239,0.000,1.000,0.000,0.000,0.000,0.000,0.000,0.000,0.000,0.000,"",
18.905,Right,-3.795,-0.279,-1.239,0.000,1.000,0.000,0.000,0.000,0.000,0.000,0.000,0.000,0.000,"",
18.918,Right,-3.795,-0.279,-1.239,0.000,1.000,0.000,0.000,0.000,0.000,0.000,0.000,0.000,0.000,"",
18.932,Right,-3.795,-0.279,-1.239,0.000,1.000,0.000,0.000,0.000,0.000,0.000,0.000,0.000,0.000,"",
18.947,Right,-3.795,-0.279,-1.239,0.000,1.000,0.000,0.000,0.000,0.000,0.000,0.000,0.000,0.000,"",
18.960,Right,-3.795,-0.279,-1.239,0.000,1.000,0.000,0.000,0.000,0.000,0.000,0.000,0.000,0.000,"",
18.973,Right,-3.795,-0.279,-1.239,0.000,1.000,0.000,0.000,0.000,0.000,0.000,0.000,0.000,0.000,"",
18.987,Right,-3.795,-0.279,-1.239,0.000,1.000,0.000,0.000,0.000,0.000,0.000,0.000,0.000,0.000,"",
19.002,Right,-3.795,-0.279,-1.239,0.000,1.000,0.000,0.000,0.000,0.000,0.000,0.000,0.000,0.000,"",
19.016,Right,-3.795,-0.279,-1.239,0.000,1.000,0.000,0.000,0.000,0.000,0.000,0.000,0.000,0.000,"",
19.029,Right,-3.795,-0.279,-1.239,0.000,1.000,0.000,0.000,0.000,0.000,0.000,0.000,0.000,0.000,"",
19.045,Right,-3.795,-0.279,-1.239,0.000,1.000,0.000,0.000,0.000,0.000,0.000,0.000,0.000,0.000,"",
19.058,Right,-3.795,-0.279,-1.239,0.000,1.000,0.000,0.000,0.000,0.000,0.000,0.000,0.000,0.000,"",
19.072,Right,-3.795,-0.279,-1.239,0.000,1.000,0.000,0.000,0.000,0.000,0.000,0.000,0.000,0.000,"",
19.087,Right,-3.795,-0.279,-1.239,0.000,1.000,0.000,0.000,0.000,0.000,0.000,0.000,0.000,0.000,"",
19.100,Right,-3.795,-0.279,-1.239,0.000,1.000,0.000,0.000,0.000,0.000,0.000,0.000,0.000,0.000,"",
19.114,Right,-3.795,-0.279,-1.239,0.000,1.000,0.000,0.000,0.000,0.000,0.000,0.000,0.000,0.000,"",
19.127,Right,-3.795,-0.279,-1.239,0.000,1.000,0.000,0.000,0.000,0.000,0.000,0.000,0.000,0.000,"",
19.142,Right,-3.795,-0.279,-1.239,0.000,1.000,0.000,0.000,0.000,0.000,0.000,0.000,0.000,0.000,"",
19.156,Right,-3.795,-0.279,-1.239,0.000,1.000,0.000,0.000,0.000,0.000,0.000,0.000,0.000,0.000,"",
19.169,Right,-3.795,-0.279,-1.239,0.000,1.000,0.000,0.000,0.000,0.000,0.000,0.000,0.000,0.000,"",
19.184,Right,-3.795,-0.279,-1.239,0.000,1.000,0.000,0.000,0.000,0.000,0.000,0.000,0.000,0.000,"",
19.198,Right,-3.795,-0.279,-1.239,0.000,1.000,0.000,0.000,0.000,0.000,0.000,0.000,0.000,0.000,"",
19.211,Right,-3.795,-0.279,-1.239,0.000,1.000,0.000,0.000,0.000,0.000,0.000,0.000,0.000,0.000,"",
19.226,Right,-3.795,-0.279,-1.239,0.000,1.000,0.000,0.000,0.000,0.000,0.000,0.000,0.000,0.000,"",
19.240,Right,-3.795,-0.279,-1.239,0.000,1.000,0.000,0.000,0.000,0.000,0.000,0.000,0.000,0.000,"",
19.253,Right,-3.795,-0.279,-1.239,0.000,1.000,0.000,0.000,0.000,0.000,0.000,0.000,0.000,0.000,"",
19.267,Right,-3.795,-0.279,-1.239,0.000,1.000,0.000,0.000,0.000,0.000,0.000,0.000,0.000,0.000,"",
19.282,Right,-3.795,-0.279,-1.239,0.000,1.000,0.000,0.000,0.000,0.000,0.000,0.000,0.000,0.000,"",
19.296,Right,-3.795,-0.279,-1.239,0.000,1.000,0.000,0.000,0.000,0.000,0.000,0.000,0.000,0.000,"",
19.308,Right,-3.795,-0.279,-1.239,0.000,1.000,0.000,0.000,0.000,0.000,0.000,0.000,0.000,0.000,"",
19.324,Right,-3.795,-0.279,-1.239,0.000,1.000,0.000,0.000,0.000,0.000,0.000,0.000,0.000,0.000,"",
19.337,Right,-3.795,-0.279,-1.239,0.000,1.000,0.000,0.000,0.000,0.000,0.000,0.000,0.000,0.000,"",
19.350,Right,-3.795,-0.279,-1.239,0.000,1.000,0.000,0.000,0.000,0.000,0.000,0.000,0.000,0.000,"",
19.366,Right,-3.795,-0.279,-1.239,0.000,1.000,0.000,0.000,0.000,0.000,0.000,0.000,0.000,0.000,"",
19.380,Right,-3.795,-0.279,-1.239,0.000,1.000,0.000,0.000,0.000,0.000,0.000,0.000,0.000,0.000,"",
19.391,Right,-3.795,-0.279,-1.239,0.000,1.000,0.000,0.000,0.000,0.000,0.000,0.000,0.000,0.000,"",
19.407,Right,-3.795,-0.279,-1.239,0.000,1.000,0.000,0.000,0.000,0.000,0.000,0.000,0.000,0.000,"",
19.423,Right,-3.795,-0.279,-1.239,0.000,1.000,0.000,0.000,0.000,0.000,0.000,0.000,0.000,0.000,"",
19.435,Right,-3.795,-0.279,-1.239,0.000,1.000,0.000,0.000,0.000,0.000,0.000,0.000,0.000,0.000,"",
19.448,Right,-3.795,-0.279,-1.239,0.000,1.000,0.000,0.000,0.000,0.000,0.000,0.000,0.000,0.000,"",
19.463,Right,-3.795,-0.279,-1.239,0.000,1.000,0.000,0.000,0.000,0.000,0.000,0.000,0.000,0.000,"",
19.476,Right,-3.795,-0.279,-1.239,0.000,1.000,0.000,0.000,0.000,0.000,0.000,0.000,0.000,0.000,"",
19.489,Right,-3.795,-0.279,-1.239,0.000,1.000,0.000,0.000,0.000,0.000,0.000,0.000,0.000,0.000,"",
19.504,Right,-3.795,-0.279,-1.239,0.000,1.000,0.000,0.000,0.000,0.000,0.000,0.000,0.000,0.000,"",
19.518,Right,-3.795,-0.279,-1.239,0.000,1.000,0.000,0.000,0.000,0.000,0.000,0.000,0.000,0.000,"",
19.531,Right,-3.795,-0.279,-1.239,0.000,1.000,0.000,0.000,0.000,0.000,0.000,0.000,0.000,0.000,"",
19.546,Right,-3.795,-0.279,-1.239,0.000,1.000,0.000,0.000,0.000,0.000,0.000,0.000,0.000,0.000,"",
19.560,Right,-3.795,-0.279,-1.239,0.000,1.000,0.000,0.000,0.000,0.000,0.000,0.000,0.000,0.000,"",
19.573,Right,-3.795,-0.279,-1.239,0.000,1.000,0.000,0.000,0.000,0.000,0.000,0.000,0.000,0.000,"",
19.587,Right,-3.795,-0.279,-1.239,0.000,1.000,0.000,0.000,0.000,0.000,0.000,0.000,0.000,0.000,"",
19.602,Right,-3.795,-0.279,-1.239,0.000,1.000,0.000,0.000,0.000,0.000,0.000,0.000,0.000,0.000,"",
19.616,Right,-3.795,-0.279,-1.239,0.000,1.000,0.000,0.000,0.000,0.000,0.000,0.000,0.000,0.000,"",
19.629,Right,-3.795,-0.279,-1.239,0.000,1.000,0.000,0.000,0.000,0.000,0.000,0.000,0.000,0.000,"",
19.643,Right,-3.795,-0.279,-1.239,0.000,1.000,0.000,0.000,0.000,0.000,0.000,0.000,0.000,0.000,"",
19.658,Right,-3.795,-0.279,-1.239,0.000,1.000,0.000,0.000,0.000,0.000,0.000,0.000,0.000,0.000,"",
19.670,Right,-3.795,-0.279,-1.239,0.000,1.000,0.000,0.000,0.000,0.000,0.000,0.000,0.000,0.000,"",
19.686,Right,-3.795,-0.279,-1.239,0.000,1.000,0.000,0.000,0.000,0.000,0.000,0.000,0.000,0.000,"",
19.700,Right,-3.795,-0.279,-1.239,0.000,1.000,0.000,0.000,0.000,0.000,0.000,0.000,0.000,0.000,"",
19.712,Right,-3.795,-0.279,-1.239,0.000,1.000,0.000,0.000,0.000,0.000,0.000,0.000,0.000,0.000,"",
19.728,Right,-3.795,-0.279,-1.239,0.000,1.000,0.000,0.000,0.000,0.000,0.000,0.000,0.000,0.000,"",
19.742,Right,-3.795,-0.279,-1.239,0.000,1.000,0.000,0.000,0.000,0.000,0.000,0.000,0.000,0.000,"",
19.756,Right,-3.795,-0.279,-1.239,0.000,1.000,0.000,0.000,0.000,0.000,0.000,0.000,0.000,0.000,"",
19.768,Right,-3.795,-0.279,-1.239,0.000,1.000,0.000,0.000,0.000,0.000,0.000,0.000,0.000,0.000,"",
19.783,Right,-3.795,-0.279,-1.239,0.000,1.000,0.000,0.000,0.000,0.000,0.000,0.000,0.000,0.000,"",
19.797,Right,-3.795,-0.279,-1.239,0.000,1.000,0.000,0.000,0.000,0.000,0.000,0.000,0.000,0.000,"",
19.810,Right,-3.795,-0.279,-1.239,0.000,1.000,0.000,0.000,0.000,0.000,0.000,0.000,0.000,0.000,"",
19.825,Right,-3.795,-0.279,-1.239,0.000,1.000,0.000,0.000,0.000,0.000,0.000,0.000,0.000,0.000,"",
19.838,Right,-3.795,-0.279,-1.239,0.000,1.000,0.000,0.000,0.000,0.000,0.000,0.000,0.000,0.000,"",
19.852,Right,-3.795,-0.279,-1.239,0.000,1.000,0.000,0.000,0.000,0.000,0.000,0.000,0.000,0.000,"",
19.867,Right,-3.795,-0.279,-1.239,0.000,1.000,0.000,0.000,0.000,0.000,0.000,0.000,0.000,0.000,"",
19.880,Right,-3.795,-0.279,-1.239,0.000,1.000,0.000,0.000,0.000,0.000,0.000,0.000,0.000,0.000,"",
19.895,Right,-3.795,-0.279,-1.239,0.000,1.000,0.000,0.000,0.000,0.000,0.000,0.000,0.000,0.000,"",
19.907,Right,-3.795,-0.279,-1.239,0.000,1.000,0.000,0.000,0.000,0.000,0.000,0.000,0.000,0.000,"",
19.922,Right,-3.795,-0.279,-1.239,0.000,1.000,0.000,0.000,0.000,0.000,0.000,0.000,0.000,0.000,"",
19.937,Right,-3.795,-0.279,-1.239,0.000,1.000,0.000,0.000,0.000,0.000,0.000,0.000,0.000,0.000,"",
19.950,Right,-3.795,-0.279,-1.239,0.000,1.000,0.000,0.000,0.000,0.000,0.000,0.000,0.000,0.000,"",
19.965,Right,-3.795,-0.279,-1.239,0.000,1.000,0.000,0.000,0.000,0.000,0.000,0.000,0.000,0.000,"",
19.978,Right,-3.795,-0.279,-1.239,0.000,1.000,0.000,0.000,0.000,0.000,0.000,0.000,0.000,0.000,"",
19.991,Right,-3.795,-0.279,-1.239,0.000,1.000,0.000,0.000,0.000,0.000,0.000,0.000,0.000,0.000,"",
20.006,Right,-3.795,-0.279,-1.239,0.000,1.000,0.000,0.000,0.000,0.000,0.000,0.000,0.000,0.000,"",
20.020,Right,-3.795,-0.279,-1.239,0.000,1.000,0.000,0.000,0.000,0.000,0.000,0.000,0.000,0.000,"",
20.033,Right,-3.795,-0.279,-1.239,0.000,1.000,0.000,0.000,0.000,0.000,0.000,0.000,0.000,0.000,"",
20.048,Right,-3.795,-0.279,-1.239,0.000,1.000,0.000,0.000,0.000,0.000,0.000,0.000,0.000,0.000,"",
20.062,Right,-3.795,-0.279,-1.239,0.000,1.000,0.000,0.000,0.000,0.000,0.000,0.000,0.000,0.000,"",
20.076,Right,-3.795,-0.279,-1.239,0.000,1.000,0.000,0.000,0.000,0.000,0.000,0.000,0.000,0.000,"",
20.088,Right,-3.795,-0.279,-1.239,0.000,1.000,0.000,0.000,0.000,0.000,0.000,0.000,0.000,0.000,"",
20.104,Right,-3.795,-0.279,-1.239,0.000,1.000,0.000,0.000,0.000,0.000,0.000,0.000,0.000,0.000,"",
20.118,Right,-3.795,-0.279,-1.239,0.000,1.000,0.000,0.000,0.000,0.000,0.000,0.000,0.000,0.000,"",
20.130,Right,-3.795,-0.279,-1.239,0.000,1.000,0.000,0.000,0.000,0.000,0.000,0.000,0.000,0.000,"",
20.145,Right,-3.795,-0.279,-1.239,0.000,1.000,0.000,0.000,0.000,0.000,0.000,0.000,0.000,0.000,"",
20.160,Right,-3.795,-0.279,-1.239,0.000,1.000,0.000,0.000,0.000,0.000,0.000,0.000,0.000,0.000,"",
20.173,Right,-3.795,-0.279,-1.239,0.000,1.000,0.000,0.000,0.000,0.000,0.000,0.000,0.000,0.000,"",
20.186,Right,-3.795,-0.279,-1.239,0.000,1.000,0.000,0.000,0.000,0.000,0.000,0.000,0.000,0.000,"",
20.201,Right,-3.795,-0.279,-1.239,0.000,1.000,0.000,0.000,0.000,0.000,0.000,0.000,0.000,0.000,"",
20.215,Right,-3.795,-0.279,-1.239,0.000,1.000,0.000,0.000,0.000,0.000,0.000,0.000,0.000,0.000,"",
20.228,Right,-3.795,-0.279,-1.239,0.000,1.000,0.000,0.000,0.000,0.000,0.000,0.000,0.000,0.000,"",
20.243,Right,-3.795,-0.279,-1.239,0.000,1.000,0.000,0.000,0.000,0.000,0.000,0.000,0.000,0.000,"",
20.257,Right,-3.795,-0.279,-1.239,0.000,1.000,0.000,0.000,0.000,0.000,0.000,0.000,0.000,0.000,"",
20.269,Right,-3.795,-0.279,-1.239,0.000,1.000,0.000,0.000,0.000,0.000,0.000,0.000,0.000,0.000,"",
20.285,Right,-3.795,-0.279,-1.239,0.000,1.000,0.000,0.000,0.000,0.000,0.000,0.000,0.000,0.000,"",
20.300,Right,-3.795,-0.279,-1.239,0.000,1.000,0.000,0.000,0.000,0.000,0.000,0.000,0.000,0.000,"",
20.313,Right,-3.795,-0.279,-1.239,0.000,1.000,0.000,0.000,0.000,0.000,0.000,0.000,0.000,0.000,"",
20.328,Right,-3.795,-0.279,-1.239,0.000,1.000,0.000,0.000,0.000,0.000,0.000,0.000,0.000,0.000,"",
20.342,Right,-3.795,-0.279,-1.239,0.000,1.000,0.000,0.000,0.000,0.000,0.000,0.000,0.000,0.000,"",
20.356,Right,-3.795,-0.279,-1.239,0.000,1.000,0.000,0.000,0.000,0.000,0.000,0.000,0.000,0.000,"",
20.368,Right,-3.795,-0.279,-1.239,0.000,1.000,0.000,0.000,0.000,0.000,0.000,0.000,0.000,0.000,"",
20.386,Right,-3.795,-0.279,-1.239,0.000,1.000,0.000,0.000,0.000,0.000,0.000,0.000,0.000,0.000,"",
20.400,Right,-3.795,-0.279,-1.239,0.000,1.000,0.000,0.000,0.000,0.000,0.000,0.000,0.000,0.000,"",
20.412,Right,-3.795,-0.279,-1.239,0.000,1.000,0.000,0.000,0.000,0.000,0.000,0.000,0.000,0.000,"",
20.426,Right,-3.795,-0.279,-1.239,0.000,1.000,0.000,0.000,0.000,0.000,0.000,0.000,0.000,0.000,"",
20.439,Right,-3.795,-0.279,-1.239,0.000,1.000,0.000,0.000,0.000,0.000,0.000,0.000,0.000,0.000,"",
20.453,Right,-3.795,-0.279,-1.239,0.000,1.000,0.000,0.000,0.000,0.000,0.000,0.000,0.000,0.000,"",
20.469,Right,-3.795,-0.279,-1.239,0.000,1.000,0.000,0.000,0.000,0.000,0.000,0.000,0.000,0.000,"",
20.483,Right,-3.795,-0.279,-1.239,0.000,1.000,0.000,0.000,0.000,0.000,0.000,0.000,0.000,0.000,"",
20.508,Right,-3.795,-0.279,-1.239,0.000,1.000,0.000,0.000,0.000,0.000,0.000,0.000,0.000,0.000,"",
20.522,Right,-3.795,-0.279,-1.239,0.000,1.000,0.000,0.000,0.000,0.000,0.000,0.000,0.000,0.000,"",
20.536,Right,-3.795,-0.279,-1.239,0.000,1.000,0.000,0.000,0.000,0.000,0.000,0.000,0.000,0.000,"",
20.548,Right,-3.795,-0.279,-1.239,0.000,1.000,0.000,0.000,0.000,0.000,0.000,0.000,0.000,0.000,"",
20.563,Right,-3.795,-0.279,-1.239,0.000,1.000,0.000,0.000,0.000,0.000,0.000,0.000,0.000,0.000,"",
20.577,Right,-3.795,-0.279,-1.239,0.000,1.000,0.000,0.000,0.000,0.000,0.000,0.000,0.000,0.000,"",
20.588,Right,-3.795,-0.279,-1.239,0.000,1.000,0.000,0.000,0.000,0.000,0.000,0.000,0.000,0.000,"",
20.602,Right,-3.795,-0.279,-1.239,0.000,1.000,0.000,0.000,0.000,0.000,0.000,0.000,0.000,0.000,"",
20.617,Right,-3.795,-0.279,-1.239,0.000,1.000,0.000,0.000,0.000,0.000,0.000,0.000,0.000,0.000,"",
20.630,Right,-3.795,-0.279,-1.239,0.000,1.000,0.000,0.000,0.000,0.000,0.000,0.000,0.000,0.000,"",
20.645,Right,-3.795,-0.279,-1.239,0.000,1.000,0.000,0.000,0.000,0.000,0.000,0.000,0.000,0.000,"",
20.659,Right,-3.795,-0.279,-1.239,0.000,1.000,0.000,0.000,0.000,0.000,0.000,0.000,0.000,0.000,"",
20.674,Right,-3.795,-0.279,-1.239,0.000,1.000,0.000,0.000,0.000,0.000,0.000,0.000,0.000,0.000,"",
20.689,Right,-3.795,-0.279,-1.239,0.000,1.000,0.000,0.000,0.000,0.000,0.000,0.000,0.000,0.000,"",
20.703,Right,-3.795,-0.279,-1.239,0.000,1.000,0.000,0.000,0.000,0.000,0.000,0.000,0.000,0.000,"",
20.716,Right,-3.795,-0.279,-1.239,0.000,1.000,0.000,0.000,0.000,0.000,0.000,0.000,0.000,0.000,"",
20.728,Right,-3.795,-0.279,-1.239,0.000,1.000,0.000,0.000,0.000,0.000,0.000,0.000,0.000,0.000,"",
20.744,Right,-3.795,-0.279,-1.239,0.000,1.000,0.000,0.000,0.000,0.000,0.000,0.000,0.000,0.000,"",
20.757,Right,-3.795,-0.279,-1.239,0.000,1.000,0.000,0.000,0.000,0.000,0.000,0.000,0.000,0.000,"",
20.770,Right,-3.795,-0.279,-1.239,0.000,1.000,0.000,0.000,0.000,0.000,0.000,0.000,0.000,0.000,"",
20.785,Right,-3.795,-0.279,-1.239,0.000,1.000,0.000,0.000,0.000,0.000,0.000,0.000,0.000,0.000,"",
20.799,Right,-3.795,-0.279,-1.239,0.000,1.000,0.000,0.000,0.000,0.000,0.000,0.000,0.000,0.000,"",
20.812,Right,-3.795,-0.279,-1.239,0.000,1.000,0.000,0.000,0.000,0.000,0.000,0.000,0.000,0.000,"",
20.827,Right,-3.795,-0.279,-1.239,0.000,1.000,0.000,0.000,0.000,0.000,0.000,0.000,0.000,0.000,"",
20.841,Right,-3.795,-0.279,-1.239,0.000,1.000,0.000,0.000,0.000,0.000,0.000,0.000,0.000,0.000,"",
20.855,Right,-3.795,-0.279,-1.239,0.000,1.000,0.000,0.000,0.000,0.000,0.000,0.000,0.000,0.000,"",
20.867,Right,-3.795,-0.279,-1.239,0.000,1.000,0.000,0.000,0.000,0.000,0.000,0.000,0.000,0.000,"",
20.883,Right,-3.795,-0.279,-1.239,0.000,1.000,0.000,0.000,0.000,0.000,0.000,0.000,0.000,0.000,"",
20.897,Right,-3.795,-0.279,-1.239,0.000,1.000,0.000,0.000,0.000,0.000,0.000,0.000,0.000,0.000,"",
20.910,Right,-3.795,-0.279,-1.239,0.000,1.000,0.000,0.000,0.000,0.000,0.000,0.000,0.000,0.000,"",
20.925,Right,-3.795,-0.279,-1.239,0.000,1.000,0.000,0.000,0.000,0.000,0.000,0.000,0.000,0.000,"",
20.939,Right,-3.795,-0.279,-1.239,0.000,1.000,0.000,0.000,0.000,0.000,0.000,0.000,0.000,0.000,"",
20.952,Right,-3.795,-0.279,-1.239,0.000,1.000,0.000,0.000,0.000,0.000,0.000,0.000,0.000,0.000,"",
20.966,Right,-3.795,-0.279,-1.239,0.000,1.000,0.000,0.000,0.000,0.000,0.000,0.000,0.000,0.000,"",
20.981,Right,-3.795,-0.279,-1.239,0.000,1.000,0.000,0.000,0.000,0.000,0.000,0.000,0.000,0.000,"",
20.996,Right,-3.795,-0.279,-1.239,0.000,1.000,0.000,0.000,0.000,0.000,0.000,0.000,0.000,0.000,"",
21.008,Right,-3.795,-0.279,-1.239,0.000,1.000,0.000,0.000,0.000,0.000,0.000,0.000,0.000,0.000,"",
21.022,Right,-3.795,-0.279,-1.239,0.000,1.000,0.000,0.000,0.000,0.000,0.000,0.000,0.000,0.000,"",
21.036,Right,-3.795,-0.279,-1.239,0.000,1.000,0.000,0.000,0.000,0.000,0.000,0.000,0.000,0.000,"",
21.048,Right,-3.795,-0.279,-1.239,0.000,1.000,0.000,0.000,0.000,0.000,0.000,0.000,0.000,0.000,"",
21.064,Right,-3.795,-0.279,-1.239,0.000,1.000,0.000,0.000,0.000,0.000,0.000,0.000,0.000,0.000,"",
21.079,Right,-3.795,-0.279,-1.239,0.000,1.000,0.000,0.000,0.000,0.000,0.000,0.000,0.000,0.000,"",
21.090,Right,-3.795,-0.279,-1.239,0.000,1.000,0.000,0.000,0.000,0.000,0.000,0.000,0.000,0.000,"",
21.105,Right,-3.795,-0.279,-1.239,0.000,1.000,0.000,0.000,0.000,0.000,0.000,0.000,0.000,0.000,"",
21.120,Right,-3.795,-0.279,-1.239,0.000,1.000,0.000,0.000,0.000,0.000,0.000,0.000,0.000,0.000,"",
21.133,Right,-3.795,-0.279,-1.239,0.000,1.000,0.000,0.000,0.000,0.000,0.000,0.000,0.000,0.000,"",
21.147,Right,-3.795,-0.279,-1.239,0.000,1.000,0.000,0.000,0.000,0.000,0.000,0.000,0.000,0.000,"",
21.162,Right,-3.795,-0.279,-1.239,0.000,1.000,0.000,0.000,0.000,0.000,0.000,0.000,0.000,0.000,"",
21.176,Right,-3.795,-0.279,-1.239,0.000,1.000,0.000,0.000,0.000,0.000,0.000,0.000,0.000,0.000,"",
21.188,Right,-3.795,-0.279,-1.239,0.000,1.000,0.000,0.000,0.000,0.000,0.000,0.000,0.000,0.000,"",
21.204,Right,-3.795,-0.279,-1.239,0.000,1.000,0.000,0.000,0.000,0.000,0.000,0.000,0.000,0.000,"",
21.217,Right,-3.795,-0.279,-1.239,0.000,1.000,0.000,0.000,0.000,0.000,0.000,0.000,0.000,0.000,"",
21.229,Right,-3.795,-0.279,-1.239,0.000,1.000,0.000,0.000,0.000,0.000,0.000,0.000,0.000,0.000,"",
21.245,Right,-3.795,-0.279,-1.239,0.000,1.000,0.000,0.000,0.000,0.000,0.000,0.000,0.000,0.000,"",
21.259,Right,-3.795,-0.279,-1.239,0.000,1.000,0.000,0.000,0.000,0.000,0.000,0.000,0.000,0.000,"",
21.272,Right,-3.795,-0.279,-1.239,0.000,1.000,0.000,0.000,0.000,0.000,0.000,0.000,0.000,0.000,"",
21.287,Right,-3.795,-0.279,-1.239,0.000,1.000,0.000,0.000,0.000,0.000,0.000,0.000,0.000,0.000,"",
21.301,Right,-3.795,-0.279,-1.239,0.000,1.000,0.000,0.000,0.000,0.000,0.000,0.000,0.000,0.000,"",
21.315,Right,-3.795,-0.279,-1.239,0.000,1.000,0.000,0.000,0.000,0.000,0.000,0.000,0.000,0.000,"",
21.328,Right,-3.795,-0.279,-1.239,0.000,1.000,0.000,0.000,0.000,0.000,0.000,0.000,0.000,0.000,"",
21.342,Right,-3.795,-0.279,-1.239,0.000,1.000,0.000,0.000,0.000,0.000,0.000,0.000,0.000,0.000,"",
21.356,Right,-3.795,-0.279,-1.239,0.000,1.000,0.000,0.000,0.000,0.000,0.000,0.000,0.000,0.000,"",
21.369,Right,-3.795,-0.279,-1.239,0.000,1.000,0.000,0.000,0.000,0.000,0.000,0.000,0.000,0.000,"",
21.384,Right,-3.795,-0.279,-1.239,0.000,1.000,0.000,0.000,0.000,0.000,0.000,0.000,0.000,0.000,"",
21.398,Right,-3.795,-0.279,-1.239,0.000,1.000,0.000,0.000,0.000,0.000,0.000,0.000,0.000,0.000,"",
21.412,Right,-3.795,-0.279,-1.239,0.000,1.000,0.000,0.000,0.000,0.000,0.000,0.000,0.000,0.000,"",
21.426,Right,-3.795,-0.279,-1.239,0.000,1.000,0.000,0.000,0.000,0.000,0.000,0.000,0.000,0.000,"",
21.440,Right,-3.795,-0.279,-1.239,0.000,1.000,0.000,0.000,0.000,0.000,0.000,0.000,0.000,0.000,"",
21.453,Right,-3.795,-0.279,-1.239,0.000,1.000,0.000,0.000,0.000,0.000,0.000,0.000,0.000,0.000,"",
21.468,Right,-3.795,-0.279,-1.239,0.000,1.000,0.000,0.000,0.000,0.000,0.000,0.000,0.000,0.000,"",
21.481,Right,-3.795,-0.279,-1.239,0.000,1.000,0.000,0.000,0.000,0.000,0.000,0.000,0.000,0.000,"",
21.496,Right,-3.795,-0.279,-1.239,0.000,1.000,0.000,0.000,0.000,0.000,0.000,0.000,0.000,0.000,"",
21.509,Right,-3.795,-0.279,-1.239,0.000,1.000,0.000,0.000,0.000,0.000,0.000,0.000,0.000,0.000,"",
21.524,Right,-3.795,-0.279,-1.239,0.000,1.000,0.000,0.000,0.000,0.000,0.000,0.000,0.000,0.000,"",
21.538,Right,-3.795,-0.279,-1.239,0.000,1.000,0.000,0.000,0.000,0.000,0.000,0.000,0.000,0.000,"",
21.550,Right,-3.795,-0.279,-1.239,0.000,1.000,0.000,0.000,0.000,0.000,0.000,0.000,0.000,0.000,"",
21.565,Right,-3.795,-0.279,-1.239,0.000,1.000,0.000,0.000,0.000,0.000,0.000,0.000,0.000,0.000,"",
21.580,Right,-3.795,-0.279,-1.239,0.000,1.000,0.000,0.000,0.000,0.000,0.000,0.000,0.000,0.000,"",
21.592,Right,-3.795,-0.279,-1.239,0.000,1.000,0.000,0.000,0.000,0.000,0.000,0.000,0.000,0.000,"",
21.607,Right,-3.795,-0.279,-1.239,0.000,1.000,0.000,0.000,0.000,0.000,0.000,0.000,0.000,0.000,"",
21.621,Right,-3.795,-0.279,-1.239,0.000,1.000,0.000,0.000,0.000,0.000,0.000,0.000,0.000,0.000,"",
21.635,Right,-3.795,-0.279,-1.239,0.000,1.000,0.000,0.000,0.000,0.000,0.000,0.000,0.000,0.000,"",
21.649,Right,-3.795,-0.279,-1.239,0.000,1.000,0.000,0.000,0.000,0.000,0.000,0.000,0.000,0.000,"",
21.664,Right,-3.795,-0.279,-1.239,0.000,1.000,0.000,0.000,0.000,0.000,0.000,0.000,0.000,0.000,"",
21.678,Right,-3.795,-0.279,-1.239,0.000,1.000,0.000,0.000,0.000,0.000,0.000,0.000,0.000,0.000,"",
21.691,Right,-3.795,-0.279,-1.239,0.000,1.000,0.000,0.000,0.000,0.000,0.000,0.000,0.000,0.000,"",
21.705,Right,-3.795,-0.279,-1.239,0.000,1.000,0.000,0.000,0.000,0.000,0.000,0.000,0.000,0.000,"",
21.718,Right,-3.795,-0.279,-1.239,0.000,1.000,0.000,0.000,0.000,0.000,0.000,0.000,0.000,0.000,"",
21.731,Right,-3.795,-0.279,-1.239,0.000,1.000,0.000,0.000,0.000,0.000,0.000,0.000,0.000,0.000,"",
21.747,Right,-3.795,-0.279,-1.239,0.000,1.000,0.000,0.000,0.000,0.000,0.000,0.000,0.000,0.000,"",
21.760,Right,-3.795,-0.279,-1.239,0.000,1.000,0.000,0.000,0.000,0.000,0.000,0.000,0.000,0.000,"",
21.774,Right,-3.795,-0.279,-1.239,0.000,1.000,0.000,0.000,0.000,0.000,0.000,0.000,0.000,0.000,"",
21.787,Right,-3.795,-0.279,-1.239,0.000,1.000,0.000,0.000,0.000,0.000,0.000,0.000,0.000,0.000,"",
21.803,Right,-3.795,-0.279,-1.239,0.000,1.000,0.000,0.000,0.000,0.000,0.000,0.000,0.000,0.000,"",
21.817,Right,-3.795,-0.279,-1.239,0.000,1.000,0.000,0.000,0.000,0.000,0.000,0.000,0.000,0.000,"",
21.829,Right,-3.795,-0.279,-1.239,0.000,1.000,0.000,0.000,0.000,0.000,0.000,0.000,0.000,0.000,"",
21.844,Right,-3.795,-0.279,-1.239,0.000,1.000,0.000,0.000,0.000,0.000,0.000,0.000,0.000,0.000,"",
21.858,Right,-3.795,-0.279,-1.239,0.000,1.000,0.000,0.000,0.000,0.000,0.000,0.000,0.000,0.000,"",
21.871,Right,-3.795,-0.279,-1.239,0.000,1.000,0.000,0.000,0.000,0.000,0.000,0.000,0.000,0.000,"",
21.885,Right,-3.795,-0.279,-1.239,0.000,1.000,0.000,0.000,0.000,0.000,0.000,0.000,0.000,0.000,"",
21.899,Right,-3.795,-0.279,-1.239,0.000,1.000,0.000,0.000,0.000,0.000,0.000,0.000,0.000,0.000,"",
21.912,Right,-3.795,-0.279,-1.239,0.000,1.000,0.000,0.000,0.000,0.000,0.000,0.000,0.000,0.000,"",
21.927,Right,-3.795,-0.279,-1.239,0.000,1.000,0.000,0.000,0.000,0.000,0.000,0.000,0.000,0.000,"",
21.941,Right,-3.795,-0.279,-1.239,0.000,1.000,0.000,0.000,0.000,0.000,0.000,0.000,0.000,0.000,"",
21.955,Right,-3.795,-0.279,-1.239,0.000,1.000,0.000,0.000,0.000,0.000,0.000,0.000,0.000,0.000,"",
21.968,Right,-3.795,-0.279,-1.239,0.000,1.000,0.000,0.000,0.000,0.000,0.000,0.000,0.000,0.000,"",
21.983,Right,-3.795,-0.279,-1.239,0.000,1.000,0.000,0.000,0.000,0.000,0.000,0.000,0.000,0.000,"",
21.997,Right,-3.795,-0.279,-1.239,0.000,1.000,0.000,0.000,0.000,0.000,0.000,0.000,0.000,0.000,"",
22.011,Right,-3.795,-0.279,-1.239,0.000,1.000,0.000,0.000,0.000,0.000,0.000,0.000,0.000,0.000,"",
22.025,Right,-3.795,-0.279,-1.239,0.000,1.000,0.000,0.000,0.000,0.000,0.000,0.000,0.000,0.000,"",
22.040,Right,-3.795,-0.279,-1.239,0.000,1.000,0.000,0.000,0.000,0.000,0.000,0.000,0.000,0.000,"",
22.051,Right,-3.795,-0.279,-1.239,0.000,1.000,0.000,0.000,0.000,0.000,0.000,0.000,0.000,0.000,"",
22.067,Right,-3.795,-0.279,-1.239,0.000,1.000,0.000,0.000,0.000,0.000,0.000,0.000,0.000,0.000,"",
22.081,Right,-3.795,-0.279,-1.239,0.000,1.000,0.000,0.000,0.000,0.000,0.000,0.000,0.000,0.000,"",
22.095,Right,-3.795,-0.279,-1.239,0.000,1.000,0.000,0.000,0.000,0.000,0.000,0.000,0.000,0.000,"",
22.107,Right,-3.795,-0.279,-1.239,0.000,1.000,0.000,0.000,0.000,0.000,0.000,0.000,0.000,0.000,"",
22.123,Right,-3.795,-0.279,-1.239,0.000,1.000,0.000,0.000,0.000,0.000,0.000,0.000,0.000,0.000,"",
22.137,Right,-3.795,-0.279,-1.239,0.000,1.000,0.000,0.000,0.000,0.000,0.000,0.000,0.000,0.000,"",
22.149,Right,-3.795,-0.279,-1.239,0.000,1.000,0.000,0.000,0.000,0.000,0.000,0.000,0.000,0.000,"",
22.164,Right,-3.795,-0.279,-1.239,0.000,1.000,0.000,0.000,0.000,0.000,0.000,0.000,0.000,0.000,"",
22.179,Right,-3.795,-0.279,-1.239,0.000,1.000,0.000,0.000,0.000,0.000,0.000,0.000,0.000,0.000,"",
22.191,Right,-3.795,-0.279,-1.239,0.000,1.000,0.000,0.000,0.000,0.000,0.000,0.000,0.000,0.000,"",
22.207,Right,-3.795,-0.279,-1.239,0.000,1.000,0.000,0.000,0.000,0.000,0.000,0.000,0.000,0.000,"",
22.220,Right,-3.795,-0.279,-1.239,0.000,1.000,0.000,0.000,0.000,0.000,0.000,0.000,0.000,0.000,"",
22.233,Right,-3.795,-0.279,-1.239,0.000,1.000,0.000,0.000,0.000,0.000,0.000,0.000,0.000,0.000,"",
22.248,Right,-3.795,-0.279,-1.239,0.000,1.000,0.000,0.000,0.000,0.000,0.000,0.000,0.000,0.000,"",
22.262,Right,-3.795,-0.279,-1.239,0.000,1.000,0.000,0.000,0.000,0.000,0.000,0.000,0.000,0.000,"",
22.276,Right,-3.795,-0.279,-1.239,0.000,1.000,0.000,0.000,0.000,0.000,0.000,0.000,0.000,0.000,"",
22.290,Right,-3.795,-0.279,-1.239,0.000,1.000,0.000,0.000,0.000,0.000,0.000,0.000,0.000,0.000,"",
22.304,Right,-3.795,-0.279,-1.239,0.000,1.000,0.000,0.000,0.000,0.000,0.000,0.000,0.000,0.000,"",
22.317,Right,-3.795,-0.279,-1.239,0.000,1.000,0.000,0.000,0.000,0.000,0.000,0.000,0.000,0.000,"",
22.331,Right,-3.795,-0.279,-1.239,0.000,1.000,0.000,0.000,0.000,0.000,0.000,0.000,0.000,0.000,"",
22.345,Right,-3.795,-0.279,-1.239,0.000,1.000,0.000,0.000,0.000,0.000,0.000,0.000,0.000,0.000,"",
22.360,Right,-3.795,-0.279,-1.239,0.000,1.000,0.000,0.000,0.000,0.000,0.000,0.000,0.000,0.000,"",
22.374,Right,-3.795,-0.279,-1.239,0.000,1.000,0.000,0.000,0.000,0.000,0.000,0.000,0.000,0.000,"",
22.386,Right,-3.795,-0.279,-1.239,0.000,1.000,0.000,0.000,0.000,0.000,0.000,0.000,0.000,0.000,"",
22.401,Right,-3.795,-0.279,-1.239,0.000,1.000,0.000,0.000,0.000,0.000,0.000,0.000,0.000,0.000,"",
22.415,Right,-3.795,-0.279,-1.239,0.000,1.000,0.000,0.000,0.000,0.000,0.000,0.000,0.000,0.000,"",
22.428,Right,-3.795,-0.279,-1.239,0.000,1.000,0.000,0.000,0.000,0.000,0.000,0.000,0.000,0.000,"",
22.446,Right,-3.795,-0.279,-1.239,0.000,1.000,0.000,0.000,0.000,0.000,0.000,0.000,0.000,0.000,"",
22.458,Right,-3.795,-0.279,-1.239,0.000,1.000,0.000,0.000,0.000,0.000,0.000,0.000,0.000,0.000,"",
22.469,Right,-3.795,-0.279,-1.239,0.000,1.000,0.000,0.000,0.000,0.000,0.000,0.000,0.000,0.000,"",
22.484,Right,-3.795,-0.279,-1.239,0.000,1.000,0.000,0.000,0.000,0.000,0.000,0.000,0.000,0.000,"",
22.498,Right,-3.795,-0.279,-1.239,0.000,1.000,0.000,0.000,0.000,0.000,0.000,0.000,0.000,0.000,"",
22.512,Right,-3.795,-0.279,-1.239,0.000,1.000,0.000,0.000,0.000,0.000,0.000,0.000,0.000,0.000,"",
22.526,Right,-3.795,-0.279,-1.239,0.000,1.000,0.000,0.000,0.000,0.000,0.000,0.000,0.000,0.000,"",
22.540,Right,-3.795,-0.279,-1.239,0.000,1.000,0.000,0.000,0.000,0.000,0.000,0.000,0.000,0.000,"",
22.553,Right,-3.795,-0.279,-1.239,0.000,1.000,0.000,0.000,0.000,0.000,0.000,0.000,0.000,0.000,"",
22.568,Right,-3.795,-0.279,-1.239,0.000,1.000,0.000,0.000,0.000,0.000,0.000,0.000,0.000,0.000,"",
22.583,Right,-3.795,-0.279,-1.239,0.000,1.000,0.000,0.000,0.000,0.000,0.000,0.000,0.000,0.000,"",
22.596,Right,-3.795,-0.279,-1.239,0.000,1.000,0.000,0.000,0.000,0.000,0.000,0.000,0.000,0.000,"",
22.609,Right,-3.795,-0.279,-1.239,0.000,1.000,0.000,0.000,0.000,0.000,0.000,0.000,0.000,0.000,"",
22.624,Right,-3.795,-0.279,-1.239,0.000,1.000,0.000,0.000,0.000,0.000,0.000,0.000,0.000,0.000,"",
22.638,Right,-3.795,-0.279,-1.239,0.000,1.000,0.000,0.000,0.000,0.000,0.000,0.000,0.000,0.000,"",
22.651,Right,-3.795,-0.279,-1.239,0.000,1.000,0.000,0.000,0.000,0.000,0.000,0.000,0.000,0.000,"",
22.666,Right,-3.795,-0.279,-1.239,0.000,1.000,0.000,0.000,0.000,0.000,0.000,0.000,0.000,0.000,"",
22.680,Right,-3.795,-0.279,-1.239,0.000,1.000,0.000,0.000,0.000,0.000,0.000,0.000,0.000,0.000,"",
22.693,Right,-3.795,-0.279,-1.239,0.000,1.000,0.000,0.000,0.000,0.000,0.000,0.000,0.000,0.000,"",
22.708,Right,-3.795,-0.279,-1.239,0.000,1.000,0.000,0.000,0.000,0.000,0.000,0.000,0.000,0.000,"",
22.722,Right,-3.795,-0.279,-1.239,0.000,1.000,0.000,0.000,0.000,0.000,0.000,0.000,0.000,0.000,"",
22.736,Right,-3.795,-0.279,-1.239,0.000,1.000,0.000,0.000,0.000,0.000,0.000,0.000,0.000,0.000,"",
22.749,Right,-3.795,-0.279,-1.239,0.000,1.000,0.000,0.000,0.000,0.000,0.000,0.000,0.000,0.000,"",
22.763,Right,-3.795,-0.279,-1.239,0.000,1.000,0.000,0.000,0.000,0.000,0.000,0.000,0.000,0.000,"",
22.777,Right,-3.795,-0.279,-1.239,0.000,1.000,0.000,0.000,0.000,0.000,0.000,0.000,0.000,0.000,"",
22.791,Right,-3.795,-0.279,-1.239,0.000,1.000,0.000,0.000,0.000,0.000,0.000,0.000,0.000,0.000,"",
22.805,Right,-3.795,-0.279,-1.239,0.000,1.000,0.000,0.000,0.000,0.000,0.000,0.000,0.000,0.000,"",
22.819,Right,-3.795,-0.279,-1.239,0.000,1.000,0.000,0.000,0.000,0.000,0.000,0.000,0.000,0.000,"",
22.832,Right,-3.795,-0.279,-1.239,0.000,1.000,0.000,0.000,0.000,0.000,0.000,0.000,0.000,0.000,"",
22.847,Right,-3.795,-0.279,-1.239,0.000,1.000,0.000,0.000,0.000,0.000,0.000,0.000,0.000,0.000,"",
22.862,Right,-3.795,-0.279,-1.239,0.000,1.000,0.000,0.000,0.000,0.000,0.000,0.000,0.000,0.000,"",
22.875,Right,-3.795,-0.279,-1.239,0.000,1.000,0.000,0.000,0.000,0.000,0.000,0.000,0.000,0.000,"",
22.887,Right,-3.795,-0.279,-1.239,0.000,1.000,0.000,0.000,0.000,0.000,0.000,0.000,0.000,0.000,"",
22.903,Right,-3.795,-0.279,-1.239,0.000,1.000,0.000,0.000,0.000,0.000,0.000,0.000,0.000,0.000,"",
22.917,Right,-3.795,-0.279,-1.239,0.000,1.000,0.000,0.000,0.000,0.000,0.000,0.000,0.000,0.000,"",
22.930,Right,-3.795,-0.279,-1.239,0.000,1.000,0.000,0.000,0.000,0.000,0.000,0.000,0.000,0.000,"",
22.945,Right,-3.795,-0.279,-1.239,0.000,1.000,0.000,0.000,0.000,0.000,0.000,0.000,0.000,0.000,"",
22.959,Right,-3.795,-0.279,-1.239,0.000,1.000,0.000,0.000,0.000,0.000,0.000,0.000,0.000,0.000,"",
22.971,Right,-3.795,-0.279,-1.239,0.000,1.000,0.000,0.000,0.000,0.000,0.000,0.000,0.000,0.000,"",
22.986,Right,-3.795,-0.279,-1.239,0.000,1.000,0.000,0.000,0.000,0.000,0.000,0.000,0.000,0.000,"",
23.000,Right,-3.795,-0.279,-1.239,0.000,1.000,0.000,0.000,0.000,0.000,0.000,0.000,0.000,0.000,"",
23.015,Right,-3.795,-0.279,-1.239,0.000,1.000,0.000,0.000,0.000,0.000,0.000,0.000,0.000,0.000,"",
23.027,Right,-3.795,-0.279,-1.239,0.000,1.000,0.000,0.000,0.000,0.000,0.000,0.000,0.000,0.000,"",
23.042,Right,-3.795,-0.279,-1.239,0.000,1.000,0.000,0.000,0.000,0.000,0.000,0.000,0.000,0.000,"",
23.057,Right,-3.795,-0.279,-1.239,0.000,1.000,0.000,0.000,0.000,0.000,0.000,0.000,0.000,0.000,"",
23.069,Right,-3.795,-0.279,-1.239,0.000,1.000,0.000,0.000,0.000,0.000,0.000,0.000,0.000,0.000,"",
23.084,Right,-3.795,-0.279,-1.239,0.000,1.000,0.000,0.000,0.000,0.000,0.000,0.000,0.000,0.000,"",
23.097,Right,-3.795,-0.279,-1.239,0.000,1.000,0.000,0.000,0.000,0.000,0.000,0.000,0.000,0.000,"",
23.111,Right,-3.795,-0.279,-1.239,0.000,1.000,0.000,0.000,0.000,0.000,0.000,0.000,0.000,0.000,"",
23.126,Right,-3.795,-0.279,-1.239,0.000,1.000,0.000,0.000,0.000,0.000,0.000,0.000,0.000,0.000,"",
23.140,Right,-3.795,-0.279,-1.239,0.000,1.000,0.000,0.000,0.000,0.000,0.000,0.000,0.000,0.000,"",
23.153,Right,-3.795,-0.279,-1.239,0.000,1.000,0.000,0.000,0.000,0.000,0.000,0.000,0.000,0.000,"",
23.167,Right,-3.795,-0.279,-1.239,0.000,1.000,0.000,0.000,0.000,0.000,0.000,0.000,0.000,0.000,"",
23.181,Right,-3.795,-0.279,-1.239,0.000,1.000,0.000,0.000,0.000,0.000,0.000,0.000,0.000,0.000,"",
23.195,Right,-3.795,-0.279,-1.239,0.000,1.000,0.000,0.000,0.000,0.000,0.000,0.000,0.000,0.000,"",
23.208,Right,-3.795,-0.279,-1.239,0.000,1.000,0.000,0.000,0.000,0.000,0.000,0.000,0.000,0.000,"",
23.222,Right,-3.795,-0.279,-1.239,0.000,1.000,0.000,0.000,0.000,0.000,0.000,0.000,0.000,0.000,"",
23.236,Right,-3.795,-0.279,-1.239,0.000,1.000,0.000,0.000,0.000,0.000,0.000,0.000,0.000,0.000,"",
23.250,Right,-3.795,-0.279,-1.239,0.000,1.000,0.000,0.000,0.000,0.000,0.000,0.000,0.000,0.000,"",
23.264,Right,-3.795,-0.279,-1.239,0.000,1.000,0.000,0.000,0.000,0.000,0.000,0.000,0.000,0.000,"",
23.278,Right,-3.795,-0.279,-1.239,0.000,1.000,0.000,0.000,0.000,0.000,0.000,0.000,0.000,0.000,"",
23.291,Right,-3.795,-0.279,-1.239,0.000,1.000,0.000,0.000,0.000,0.000,0.000,0.000,0.000,0.000,"",
23.306,Right,-3.795,-0.279,-1.239,0.000,1.000,0.000,0.000,0.000,0.000,0.000,0.000,0.000,0.000,"",
23.320,Right,-3.795,-0.279,-1.239,0.000,1.000,0.000,0.000,0.000,0.000,0.000,0.000,0.000,0.000,"",
23.334,Right,-3.795,-0.279,-1.239,0.000,1.000,0.000,0.000,0.000,0.000,0.000,0.000,0.000,0.000,"",
23.347,Right,-3.795,-0.279,-1.239,0.000,1.000,0.000,0.000,0.000,0.000,0.000,0.000,0.000,0.000,"",
23.362,Right,-3.795,-0.279,-1.239,0.000,1.000,0.000,0.000,0.000,0.000,0.000,0.000,0.000,0.000,"",
23.377,Right,-3.795,-0.279,-1.239,0.000,1.000,0.000,0.000,0.000,0.000,0.000,0.000,0.000,0.000,"",
23.389,Right,-3.795,-0.279,-1.239,0.000,1.000,0.000,0.000,0.000,0.000,0.000,0.000,0.000,0.000,"",
23.404,Right,-3.795,-0.279,-1.239,0.000,1.000,0.000,0.000,0.000,0.000,0.000,0.000,0.000,0.000,"",
23.418,Right,-3.795,-0.279,-1.239,0.000,1.000,0.000,0.000,0.000,0.000,0.000,0.000,0.000,0.000,"",
23.430,Right,-3.795,-0.279,-1.239,0.000,1.000,0.000,0.000,0.000,0.000,0.000,0.000,0.000,0.000,"",
23.446,Right,-3.795,-0.279,-1.239,0.000,1.000,0.000,0.000,0.000,0.000,0.000,0.000,0.000,0.000,"",
23.460,Right,-3.795,-0.279,-1.239,0.000,1.000,0.000,0.000,0.000,0.000,0.000,0.000,0.000,0.000,"",
23.473,Right,-3.795,-0.279,-1.239,0.000,1.000,0.000,0.000,0.000,0.000,0.000,0.000,0.000,0.000,"",
23.488,Right,-3.795,-0.279,-1.239,0.000,1.000,0.000,0.000,0.000,0.000,0.000,0.000,0.000,0.000,"",
23.502,Right,-3.795,-0.279,-1.239,0.000,1.000,0.000,0.000,0.000,0.000,0.000,0.000,0.000,0.000,"",
23.515,Right,-3.795,-0.279,-1.239,0.000,1.000,0.000,0.000,0.000,0.000,0.000,0.000,0.000,0.000,"",
23.528,Right,-3.795,-0.279,-1.239,0.000,1.000,0.000,0.000,0.000,0.000,0.000,0.000,0.000,0.000,"",
23.544,Right,-3.795,-0.279,-1.239,0.000,1.000,0.000,0.000,0.000,0.000,0.000,0.000,0.000,0.000,"",
23.557,Right,-3.795,-0.279,-1.239,0.000,1.000,0.000,0.000,0.000,0.000,0.000,0.000,0.000,0.000,"",
23.571,Right,-3.795,-0.279,-1.239,0.000,1.000,0.000,0.000,0.000,0.000,0.000,0.000,0.000,0.000,"",
23.586,Right,-3.795,-0.279,-1.239,0.000,1.000,0.000,0.000,0.000,0.000,0.000,0.000,0.000,0.000,"",
23.599,Right,-3.795,-0.279,-1.239,0.000,1.000,0.000,0.000,0.000,0.000,0.000,0.000,0.000,0.000,"",
23.612,Right,-3.795,-0.279,-1.239,0.000,1.000,0.000,0.000,0.000,0.000,0.000,0.000,0.000,0.000,"",
23.626,Right,-3.795,-0.279,-1.239,0.000,1.000,0.000,0.000,0.000,0.000,0.000,0.000,0.000,0.000,"",
23.641,Right,-3.795,-0.279,-1.239,0.000,1.000,0.000,0.000,0.000,0.000,0.000,0.000,0.000,0.000,"",
23.654,Right,-3.795,-0.279,-1.239,0.000,1.000,0.000,0.000,0.000,0.000,0.000,0.000,0.000,0.000,"",
23.667,Right,-3.795,-0.279,-1.239,0.000,1.000,0.000,0.000,0.000,0.000,0.000,0.000,0.000,0.000,"",
23.682,Right,-3.795,-0.279,-1.239,0.000,1.000,0.000,0.000,0.000,0.000,0.000,0.000,0.000,0.000,"",
23.697,Right,-3.795,-0.279,-1.239,0.000,1.000,0.000,0.000,0.000,0.000,0.000,0.000,0.000,0.000,"",
23.710,Right,-3.795,-0.279,-1.239,0.000,1.000,0.000,0.000,0.000,0.000,0.000,0.000,0.000,0.000,"",
23.725,Right,-3.795,-0.279,-1.239,0.000,1.000,0.000,0.000,0.000,0.000,0.000,0.000,0.000,0.000,"",
23.738,Right,-3.795,-0.279,-1.239,0.000,1.000,0.000,0.000,0.000,0.000,0.000,0.000,0.000,0.000,"",
23.751,Right,-3.795,-0.279,-1.239,0.000,1.000,0.000,0.000,0.000,0.000,0.000,0.000,0.000,0.000,"",
23.767,Right,-3.795,-0.279,-1.239,0.000,1.000,0.000,0.000,0.000,0.000,0.000,0.000,0.000,0.000,"",
23.780,Right,-3.795,-0.279,-1.239,0.000,1.000,0.000,0.000,0.000,0.000,0.000,0.000,0.000,0.000,"",
23.796,Right,-3.795,-0.279,-1.239,0.000,1.000,0.000,0.000,0.000,0.000,0.000,0.000,0.000,0.000,"",
23.809,Right,-3.795,-0.279,-1.239,0.000,1.000,0.000,0.000,0.000,0.000,0.000,0.000,0.000,0.000,"",
23.822,Right,-3.795,-0.279,-1.239,0.000,1.000,0.000,0.000,0.000,0.000,0.000,0.000,0.000,0.000,"",
23.836,Right,-3.795,-0.279,-1.239,0.000,1.000,0.000,0.000,0.000,0.000,0.000,0.000,0.000,0.000,"",
23.848,Right,-3.795,-0.279,-1.239,0.000,1.000,0.000,0.000,0.000,0.000,0.000,0.000,0.000,0.000,"",
23.864,Right,-3.795,-0.279,-1.239,0.000,1.000,0.000,0.000,0.000,0.000,0.000,0.000,0.000,0.000,"",
23.878,Right,-3.795,-0.279,-1.239,0.000,1.000,0.000,0.000,0.000,0.000,0.000,0.000,0.000,0.000,"",
23.890,Right,-3.795,-0.279,-1.239,0.000,1.000,0.000,0.000,0.000,0.000,0.000,0.000,0.000,0.000,"",
23.905,Right,-3.795,-0.279,-1.239,0.000,1.000,0.000,0.000,0.000,0.000,0.000,0.000,0.000,0.000,"",
23.919,Right,-3.795,-0.279,-1.239,0.000,1.000,0.000,0.000,0.000,0.000,0.000,0.000,0.000,0.000,"",
23.932,Right,-3.795,-0.279,-1.239,0.000,1.000,0.000,0.000,0.000,0.000,0.000,0.000,0.000,0.000,"",
23.947,Right,-3.795,-0.279,-1.239,0.000,1.000,0.000,0.000,0.000,0.000,0.000,0.000,0.000,0.000,"",
23.961,Right,-3.795,-0.279,-1.239,0.000,1.000,0.000,0.000,0.000,0.000,0.000,0.000,0.000,0.000,"",
23.976,Right,-3.795,-0.279,-1.239,0.000,1.000,0.000,0.000,0.000,0.000,0.000,0.000,0.000,0.000,"",
23.988,Right,-3.795,-0.279,-1.239,0.000,1.000,0.000,0.000,0.000,0.000,0.000,0.000,0.000,0.000,"",
24.004,Right,-3.795,-0.279,-1.239,0.000,1.000,0.000,0.000,0.000,0.000,0.000,0.000,0.000,0.000,"",
24.017,Right,-3.795,-0.279,-1.239,0.000,1.000,0.000,0.000,0.000,0.000,0.000,0.000,0.000,0.000,"",
24.029,Right,-3.795,-0.279,-1.239,0.000,1.000,0.000,0.000,0.000,0.000,0.000,0.000,0.000,0.000,"",
24.044,Right,-3.795,-0.279,-1.239,0.000,1.000,0.000,0.000,0.000,0.000,0.000,0.000,0.000,0.000,"",
24.058,Right,-3.795,-0.279,-1.239,0.000,1.000,0.000,0.000,0.000,0.000,0.000,0.000,0.000,0.000,"",
24.071,Right,-3.795,-0.279,-1.239,0.000,1.000,0.000,0.000,0.000,0.000,0.000,0.000,0.000,0.000,"",
24.087,Right,-3.795,-0.279,-1.239,0.000,1.000,0.000,0.000,0.000,0.000,0.000,0.000,0.000,0.000,"",
24.100,Right,-3.795,-0.279,-1.239,0.000,1.000,0.000,0.000,0.000,0.000,0.000,0.000,0.000,0.000,"",
24.112,Right,-3.795,-0.279,-1.239,0.000,1.000,0.000,0.000,0.000,0.000,0.000,0.000,0.000,0.000,"",
24.128,Right,-3.795,-0.279,-1.239,0.000,1.000,0.000,0.000,0.000,0.000,0.000,0.000,0.000,0.000,"",
24.142,Right,-3.795,-0.279,-1.239,0.000,1.000,0.000,0.000,0.000,0.000,0.000,0.000,0.000,0.000,"",
24.155,Right,-3.795,-0.279,-1.239,0.000,1.000,0.000,0.000,0.000,0.000,0.000,0.000,0.000,0.000,"",
24.168,Right,-3.795,-0.279,-1.239,0.000,1.000,0.000,0.000,0.000,0.000,0.000,0.000,0.000,0.000,"",
24.183,Right,-3.795,-0.279,-1.239,0.000,1.000,0.000,0.000,0.000,0.000,0.000,0.000,0.000,0.000,"",
24.198,Right,-3.795,-0.279,-1.239,0.000,1.000,0.000,0.000,0.000,0.000,0.000,0.000,0.000,0.000,"",
24.210,Right,-3.795,-0.279,-1.239,0.000,1.000,0.000,0.000,0.000,0.000,0.000,0.000,0.000,0.000,"",
24.226,Right,-3.795,-0.279,-1.239,0.000,1.000,0.000,0.000,0.000,0.000,0.000,0.000,0.000,0.000,"",
24.239,Right,-3.795,-0.279,-1.239,0.000,1.000,0.000,0.000,0.000,0.000,0.000,0.000,0.000,0.000,"",
24.253,Right,-3.795,-0.279,-1.239,0.000,1.000,0.000,0.000,0.000,0.000,0.000,0.000,0.000,0.000,"",
24.267,Right,-3.795,-0.279,-1.239,0.000,1.000,0.000,0.000,0.000,0.000,0.000,0.000,0.000,0.000,"",
24.282,Right,-3.795,-0.279,-1.239,0.000,1.000,0.000,0.000,0.000,0.000,0.000,0.000,0.000,0.000,"",
24.295,Right,-3.795,-0.279,-1.239,0.000,1.000,0.000,0.000,0.000,0.000,0.000,0.000,0.000,0.000,"",
24.308,Right,-3.795,-0.279,-1.239,0.000,1.000,0.000,0.000,0.000,0.000,0.000,0.000,0.000,0.000,"",
24.323,Right,-3.795,-0.279,-1.239,0.000,1.000,0.000,0.000,0.000,0.000,0.000,0.000,0.000,0.000,"",
24.337,Right,-3.795,-0.279,-1.239,0.000,1.000,0.000,0.000,0.000,0.000,0.000,0.000,0.000,0.000,"",
24.349,Right,-3.795,-0.279,-1.239,0.000,1.000,0.000,0.000,0.000,0.000,0.000,0.000,0.000,0.000,"",
24.364,Right,-3.795,-0.279,-1.239,0.000,1.000,0.000,0.000,0.000,0.000,0.000,0.000,0.000,0.000,"",
24.379,Right,-3.795,-0.279,-1.239,0.000,1.000,0.000,0.000,0.000,0.000,0.000,0.000,0.000,0.000,"",
24.392,Right,-3.795,-0.279,-1.239,0.000,1.000,0.000,0.000,0.000,0.000,0.000,0.000,0.000,0.000,"",
24.407,Right,-3.795,-0.279,-1.239,0.000,1.000,0.000,0.000,0.000,0.000,0.000,0.000,0.000,0.000,"",
24.420,Right,-3.795,-0.279,-1.239,0.000,1.000,0.000,0.000,0.000,0.000,0.000,0.000,0.000,0.000,"",
24.435,Right,-3.795,-0.279,-1.239,0.000,1.000,0.000,0.000,0.000,0.000,0.000,0.000,0.000,0.000,"",
24.447,Right,-3.795,-0.279,-1.239,0.000,1.000,0.000,0.000,0.000,0.000,0.000,0.000,0.000,0.000,"",
24.465,Right,-3.795,-0.279,-1.239,0.000,1.000,0.000,0.000,0.000,0.000,0.000,0.000,0.000,0.000,"",
24.478,Right,-3.795,-0.279,-1.239,0.000,1.000,0.000,0.000,0.000,0.000,0.000,0.000,0.000,0.000,"",
24.490,Right,-3.795,-0.279,-1.239,0.000,1.000,0.000,0.000,0.000,0.000,0.000,0.000,0.000,0.000,"",
24.503,Right,-3.795,-0.279,-1.239,0.000,1.000,0.000,0.000,0.000,0.000,0.000,0.000,0.000,0.000,"",
24.520,Right,-3.795,-0.279,-1.239,0.000,1.000,0.000,0.000,0.000,0.000,0.000,0.000,0.000,0.000,"",
24.532,Right,-3.795,-0.279,-1.239,0.000,1.000,0.000,0.000,0.000,0.000,0.000,0.000,0.000,0.000,"",
24.546,Right,-3.795,-0.279,-1.239,0.000,1.000,0.000,0.000,0.000,0.000,0.000,0.000,0.000,0.000,"",
24.558,Right,-3.795,-0.279,-1.239,0.000,1.000,0.000,0.000,0.000,0.000,0.000,0.000,0.000,0.000,"",
24.571,Right,-3.795,-0.279,-1.239,0.000,1.000,0.000,0.000,0.000,0.000,0.000,0.000,0.000,0.000,"",
24.586,Right,-3.795,-0.279,-1.239,0.000,1.000,0.000,0.000,0.000,0.000,0.000,0.000,0.000,0.000,"",
24.600,Right,-3.795,-0.279,-1.239,0.000,1.000,0.000,0.000,0.000,0.000,0.000,0.000,0.000,0.000,"",
24.614,Right,-3.795,-0.279,-1.239,0.000,1.000,0.000,0.000,0.000,0.000,0.000,0.000,0.000,0.000,"",
24.628,Right,-3.795,-0.279,-1.239,0.000,1.000,0.000,0.000,0.000,0.000,0.000,0.000,0.000,0.000,"",
24.642,Right,-3.795,-0.279,-1.239,0.000,1.000,0.000,0.000,0.000,0.000,0.000,0.000,0.000,0.000,"",
24.656,Right,-3.795,-0.279,-1.239,0.000,1.000,0.000,0.000,0.000,0.000,0.000,0.000,0.000,0.000,"",
24.669,Right,-3.795,-0.279,-1.239,0.000,1.000,0.000,0.000,0.000,0.000,0.000,0.000,0.000,0.000,"",
24.685,Right,-3.795,-0.279,-1.239,0.000,1.000,0.000,0.000,0.000,0.000,0.000,0.000,0.000,0.000,"",
24.699,Right,-3.795,-0.279,-1.239,0.000,1.000,0.000,0.000,0.000,0.000,0.000,0.000,0.000,0.000,"",
24.712,Right,-3.795,-0.279,-1.239,0.000,1.000,0.000,0.000,0.000,0.000,0.000,0.000,0.000,0.000,"",
24.727,Right,-3.795,-0.279,-1.239,0.000,1.000,0.000,0.000,0.000,0.000,0.000,0.000,0.000,0.000,"",
24.741,Right,-3.795,-0.279,-1.239,0.000,1.000,0.000,0.000,0.000,0.000,0.000,0.000,0.000,0.000,"",
24.755,Right,-3.795,-0.279,-1.239,0.000,1.000,0.000,0.000,0.000,0.000,0.000,0.000,0.000,0.000,"",
24.768,Right,-3.795,-0.279,-1.239,0.000,1.000,0.000,0.000,0.000,0.000,0.000,0.000,0.000,0.000,"",
24.783,Right,-3.795,-0.279,-1.239,0.000,1.000,0.000,0.000,0.000,0.000,0.000,0.000,0.000,0.000,"",
24.797,Right,-3.795,-0.279,-1.239,0.000,1.000,0.000,0.000,0.000,0.000,0.000,0.000,0.000,0.000,"",
24.810,Right,-3.795,-0.279,-1.239,0.000,1.000,0.000,0.000,0.000,0.000,0.000,0.000,0.000,0.000,"",
24.823,Right,-3.795,-0.279,-1.239,0.000,1.000,0.000,0.000,0.000,0.000,0.000,0.000,0.000,0.000,"",
24.838,Right,-3.795,-0.279,-1.239,0.000,1.000,0.000,0.000,0.000,0.000,0.000,0.000,0.000,0.000,"",
24.849,Right,-3.795,-0.279,-1.239,0.000,1.000,0.000,0.000,0.000,0.000,0.000,0.000,0.000,0.000,"",
24.864,Right,-3.795,-0.279,-1.239,0.000,1.000,0.000,0.000,0.000,0.000,0.000,0.000,0.000,0.000,"",
24.879,Right,-3.795,-0.279,-1.239,0.000,1.000,0.000,0.000,0.000,0.000,0.000,0.000,0.000,0.000,"",
24.891,Right,-3.795,-0.279,-1.239,0.000,1.000,0.000,0.000,0.000,0.000,0.000,0.000,0.000,0.000,"",
24.906,Right,-3.795,-0.279,-1.239,0.000,1.000,0.000,0.000,0.000,0.000,0.000,0.000,0.000,0.000,"",
24.921,Right,-3.795,-0.279,-1.239,0.000,1.000,0.000,0.000,0.000,0.000,0.000,0.000,0.000,0.000,"",
24.935,Right,-3.795,-0.279,-1.239,0.000,1.000,0.000,0.000,0.000,0.000,0.000,0.000,0.000,0.000,"",
24.947,Right,-3.795,-0.279,-1.239,0.000,1.000,0.000,0.000,0.000,0.000,0.000,0.000,0.000,0.000,"",
24.962,Right,-3.795,-0.279,-1.239,0.000,1.000,0.000,0.000,0.000,0.000,0.000,0.000,0.000,0.000,"",
24.976,Right,-3.795,-0.279,-1.239,0.000,1.000,0.000,0.000,0.000,0.000,0.000,0.000,0.000,0.000,"",
24.989,Right,-3.795,-0.279,-1.239,0.000,1.000,0.000,0.000,0.000,0.000,0.000,0.000,0.000,0.000,"",
25.004,Right,-3.795,-0.279,-1.239,0.000,1.000,0.000,0.000,0.000,0.000,0.000,0.000,0.000,0.000,"",
25.018,Right,-3.795,-0.279,-1.239,0.000,1.000,0.000,0.000,0.000,0.000,0.000,0.000,0.000,0.000,"",
25.031,Right,-3.795,-0.279,-1.239,0.000,1.000,0.000,0.000,0.000,0.000,0.000,0.000,0.000,0.000,"",
25.046,Right,-3.795,-0.279,-1.239,0.000,1.000,0.000,0.000,0.000,0.000,0.000,0.000,0.000,0.000,"",
25.060,Right,-3.795,-0.279,-1.239,0.000,1.000,0.000,0.000,0.000,0.000,0.000,0.000,0.000,0.000,"",
25.073,Right,-3.795,-0.279,-1.239,0.000,1.000,0.000,0.000,0.000,0.000,0.000,0.000,0.000,0.000,"",
25.088,Right,-3.795,-0.279,-1.239,0.000,1.000,0.000,0.000,0.000,0.000,0.000,0.000,0.000,0.000,"",
25.102,Right,-3.795,-0.279,-1.239,0.000,1.000,0.000,0.000,0.000,0.000,0.000,0.000,0.000,0.000,"",
25.115,Right,-3.795,-0.279,-1.239,0.000,1.000,0.000,0.000,0.000,0.000,0.000,0.000,0.000,0.000,"",
25.129,Right,-3.795,-0.279,-1.239,0.000,1.000,0.000,0.000,0.000,0.000,0.000,0.000,0.000,0.000,"",
25.143,Right,-3.795,-0.279,-1.239,0.000,1.000,0.000,0.000,0.000,0.000,0.000,0.000,0.000,0.000,"",
25.157,Right,-3.795,-0.279,-1.239,0.000,1.000,0.000,0.000,0.000,0.000,0.000,0.000,0.000,0.000,"",
25.170,Right,-3.795,-0.279,-1.239,0.000,1.000,0.000,0.000,0.000,0.000,0.000,0.000,0.000,0.000,"",
25.184,Right,-3.795,-0.279,-1.239,0.000,1.000,0.000,0.000,0.000,0.000,0.000,0.000,0.000,0.000,"",
25.199,Right,-3.795,-0.279,-1.239,0.000,1.000,0.000,0.000,0.000,0.000,0.000,0.000,0.000,0.000,"",
25.212,Right,-3.795,-0.279,-1.239,0.000,1.000,0.000,0.000,0.000,0.000,0.000,0.000,0.000,0.000,"",
25.228,Right,-3.795,-0.279,-1.239,0.000,1.000,0.000,0.000,0.000,0.000,0.000,0.000,0.000,0.000,"",
25.241,Right,-3.795,-0.279,-1.239,0.000,1.000,0.000,0.000,0.000,0.000,0.000,0.000,0.000,0.000,"",
25.256,Right,-3.795,-0.279,-1.239,0.000,1.000,0.000,0.000,0.000,0.000,0.000,0.000,0.000,0.000,"",
25.270,Right,-3.795,-0.279,-1.239,0.000,1.000,0.000,0.000,0.000,0.000,0.000,0.000,0.000,0.000,"",
25.285,Right,-3.795,-0.279,-1.239,0.000,1.000,0.000,0.000,0.000,0.000,0.000,0.000,0.000,0.000,"",
25.298,Right,-3.795,-0.279,-1.239,0.000,1.000,0.000,0.000,0.000,0.000,0.000,0.000,0.000,0.000,"",
25.311,Right,-3.795,-0.279,-1.239,0.000,1.000,0.000,0.000,0.000,0.000,0.000,0.000,0.000,0.000,"",
25.325,Right,-3.795,-0.279,-1.239,0.000,1.000,0.000,0.000,0.000,0.000,0.000,0.000,0.000,0.000,"",
25.340,Right,-3.795,-0.279,-1.239,0.000,1.000,0.000,0.000,0.000,0.000,0.000,0.000,0.000,0.000,"",
25.352,Right,-3.795,-0.279,-1.239,0.000,1.000,0.000,0.000,0.000,0.000,0.000,0.000,0.000,0.000,"",
25.367,Right,-3.795,-0.279,-1.239,0.000,1.000,0.000,0.000,0.000,0.000,0.000,0.000,0.000,0.000,"",
25.381,Right,-3.795,-0.279,-1.239,0.000,1.000,0.000,0.000,0.000,0.000,0.000,0.000,0.000,0.000,"",
25.395,Right,-3.795,-0.279,-1.239,0.000,1.000,0.000,0.000,0.000,0.000,0.000,0.000,0.000,0.000,"",
25.408,Right,-3.795,-0.279,-1.239,0.000,1.000,0.000,0.000,0.000,0.000,0.000,0.000,0.000,0.000,"",
25.423,Right,-3.795,-0.279,-1.239,0.000,1.000,0.000,0.000,0.000,0.000,0.000,0.000,0.000,0.000,"",
25.436,Right,-3.795,-0.279,-1.239,0.000,1.000,0.000,0.000,0.000,0.000,0.000,0.000,0.000,0.000,"",
25.449,Right,-3.795,-0.279,-1.239,0.000,1.000,0.000,0.000,0.000,0.000,0.000,0.000,0.000,0.000,"",
25.464,Right,-3.795,-0.279,-1.239,0.000,1.000,0.000,0.000,0.000,0.000,0.000,0.000,0.000,0.000,"",
25.478,Right,-3.795,-0.279,-1.239,0.000,1.000,0.000,0.000,0.000,0.000,0.000,0.000,0.000,0.000,"",
25.491,Right,-3.795,-0.279,-1.239,0.000,1.000,0.000,0.000,0.000,0.000,0.000,0.000,0.000,0.000,"",
25.507,Right,-3.795,-0.279,-1.239,0.000,1.000,0.000,0.000,0.000,0.000,0.000,0.000,0.000,0.000,"",
25.520,Right,-3.795,-0.279,-1.239,0.000,1.000,0.000,0.000,0.000,0.000,0.000,0.000,0.000,0.000,"",
25.532,Right,-3.795,-0.279,-1.239,0.000,1.000,0.000,0.000,0.000,0.000,0.000,0.000,0.000,0.000,"",
25.551,Right,-3.795,-0.279,-1.239,0.000,1.000,0.000,0.000,0.000,0.000,0.000,0.000,0.000,0.000,"",
25.563,Right,-3.795,-0.279,-1.239,0.000,1.000,0.000,0.000,0.000,0.000,0.000,0.000,0.000,0.000,"",
25.576,Right,-3.795,-0.279,-1.239,0.000,1.000,0.000,0.000,0.000,0.000,0.000,0.000,0.000,0.000,"",
25.588,Right,-3.795,-0.279,-1.239,0.000,1.000,0.000,0.000,0.000,0.000,0.000,0.000,0.000,0.000,"",
25.602,Right,-3.795,-0.279,-1.239,0.000,1.000,0.000,0.000,0.000,0.000,0.000,0.000,0.000,0.000,"",
25.616,Right,-3.795,-0.279,-1.239,0.000,1.000,0.000,0.000,0.000,0.000,0.000,0.000,0.000,0.000,"",
25.629,Right,-3.795,-0.279,-1.239,0.000,1.000,0.000,0.000,0.000,0.000,0.000,0.000,0.000,0.000,"",
25.644,Right,-3.795,-0.279,-1.239,0.000,1.000,0.000,0.000,0.000,0.000,0.000,0.000,0.000,0.000,"",
25.659,Right,-3.795,-0.279,-1.239,0.000,1.000,0.000,0.000,0.000,0.000,0.000,0.000,0.000,0.000,"",
25.672,Right,-3.795,-0.279,-1.239,0.000,1.000,0.000,0.000,0.000,0.000,0.000,0.000,0.000,0.000,"",
25.686,Right,-3.795,-0.279,-1.239,0.000,1.000,0.000,0.000,0.000,0.000,0.000,0.000,0.000,0.000,"",
25.700,Right,-3.795,-0.279,-1.239,0.000,1.000,0.000,0.000,0.000,0.000,0.000,0.000,0.000,0.000,"",
25.713,Right,-3.795,-0.279,-1.239,0.000,1.000,0.000,0.000,0.000,0.000,0.000,0.000,0.000,0.000,"",
25.729,Right,-3.795,-0.279,-1.239,0.000,1.000,0.000,0.000,0.000,0.000,0.000,0.000,0.000,0.000,"",
25.743,Right,-3.795,-0.279,-1.239,0.000,1.000,0.000,0.000,0.000,0.000,0.000,0.000,0.000,0.000,"",
25.757,Right,-3.795,-0.279,-1.239,0.000,1.000,0.000,0.000,0.000,0.000,0.000,0.000,0.000,0.000,"",
25.770,Right,-3.795,-0.279,-1.239,0.000,1.000,0.000,0.000,0.000,0.000,0.000,0.000,0.000,0.000,"",
25.785,Right,-3.795,-0.279,-1.239,0.000,1.000,0.000,0.000,0.000,0.000,0.000,0.000,0.000,0.000,"",
25.799,Right,-3.795,-0.279,-1.239,0.000,1.000,0.000,0.000,0.000,0.000,0.000,0.000,0.000,0.000,"",
25.812,Right,-3.795,-0.279,-1.239,0.000,1.000,0.000,0.000,0.000,0.000,0.000,0.000,0.000,0.000,"",
25.827,Right,-3.795,-0.279,-1.239,0.000,1.000,0.000,0.000,0.000,0.000,0.000,0.000,0.000,0.000,"",
25.841,Right,-3.795,-0.279,-1.239,0.000,1.000,0.000,0.000,0.000,0.000,0.000,0.000,0.000,0.000,"",
25.855,Right,-3.795,-0.279,-1.239,0.000,1.000,0.000,0.000,0.000,0.000,0.000,0.000,0.000,0.000,"",
25.867,Right,-3.795,-0.279,-1.239,0.000,1.000,0.000,0.000,0.000,0.000,0.000,0.000,0.000,0.000,"",
25.882,Right,-3.795,-0.279,-1.239,0.000,1.000,0.000,0.000,0.000,0.000,0.000,0.000,0.000,0.000,"",
25.896,Right,-3.795,-0.279,-1.239,0.000,1.000,0.000,0.000,0.000,0.000,0.000,0.000,0.000,0.000,"",
25.909,Right,-3.795,-0.279,-1.239,0.000,1.000,0.000,0.000,0.000,0.000,0.000,0.000,0.000,0.000,"",
25.924,Right,-3.795,-0.279,-1.239,0.000,1.000,0.000,0.000,0.000,0.000,0.000,0.000,0.000,0.000,"",
25.939,Right,-3.795,-0.279,-1.239,0.000,1.000,0.000,0.000,0.000,0.000,0.000,0.000,0.000,0.000,"",
25.952,Right,-3.795,-0.279,-1.239,0.000,1.000,0.000,0.000,0.000,0.000,0.000,0.000,0.000,0.000,"",
25.966,Right,-3.795,-0.279,-1.239,0.000,1.000,0.000,0.000,0.000,0.000,0.000,0.000,0.000,0.000,"",
25.979,Right,-3.795,-0.279,-1.239,0.000,1.000,0.000,0.000,0.000,0.000,0.000,0.000,0.000,0.000,"",
25.991,Right,-3.795,-0.279,-1.239,0.000,1.000,0.000,0.000,0.000,0.000,0.000,0.000,0.000,0.000,"",
26.007,Right,-3.795,-0.279,-1.239,0.000,1.000,0.000,0.000,0.000,0.000,0.000,0.000,0.000,0.000,"",
26.018,Right,-3.795,-0.279,-1.239,0.000,1.000,0.000,0.000,0.000,0.000,0.000,0.000,0.000,0.000,"",
26.031,Right,-3.795,-0.279,-1.239,0.000,1.000,0.000,0.000,0.000,0.000,0.000,0.000,0.000,0.000,"",
26.047,Right,-3.795,-0.279,-1.239,0.000,1.000,0.000,0.000,0.000,0.000,0.000,0.000,0.000,0.000,"",
26.060,Right,-3.795,-0.279,-1.239,0.000,1.000,0.000,0.000,0.000,0.000,0.000,0.000,0.000,0.000,"",
26.075,Right,-3.795,-0.279,-1.239,0.000,1.000,0.000,0.000,0.000,0.000,0.000,0.000,0.000,0.000,"",
26.088,Right,-3.795,-0.279,-1.239,0.000,1.000,0.000,0.000,0.000,0.000,0.000,0.000,0.000,0.000,"",
26.103,Right,-3.795,-0.279,-1.239,0.000,1.000,0.000,0.000,0.000,0.000,0.000,0.000,0.000,0.000,"",
26.117,Right,-3.795,-0.279,-1.239,0.000,1.000,0.000,0.000,0.000,0.000,0.000,0.000,0.000,0.000,"",
26.131,Right,-3.795,-0.279,-1.239,0.000,1.000,0.000,0.000,0.000,0.000,0.000,0.000,0.000,0.000,"",
26.145,Right,-3.795,-0.279,-1.239,0.000,1.000,0.000,0.000,0.000,0.000,0.000,0.000,0.000,0.000,"",
26.159,Right,-3.795,-0.279,-1.239,0.000,1.000,0.000,0.000,0.000,0.000,0.000,0.000,0.000,0.000,"",
26.173,Right,-3.795,-0.279,-1.239,0.000,1.000,0.000,0.000,0.000,0.000,0.000,0.000,0.000,0.000,"",
26.188,Right,-3.795,-0.279,-1.239,0.000,1.000,0.000,0.000,0.000,0.000,0.000,0.000,0.000,0.000,"",
26.201,Right,-3.795,-0.279,-1.239,0.000,1.000,0.000,0.000,0.000,0.000,0.000,0.000,0.000,0.000,"",
26.216,Right,-3.795,-0.279,-1.239,0.000,1.000,0.000,0.000,0.000,0.000,0.000,0.000,0.000,0.000,"",
26.228,Right,-3.795,-0.279,-1.239,0.000,1.000,0.000,0.000,0.000,0.000,0.000,0.000,0.000,0.000,"",
26.242,Right,-3.795,-0.279,-1.239,0.000,1.000,0.000,0.000,0.000,0.000,0.000,0.000,0.000,0.000,"",
26.256,Right,-3.795,-0.279,-1.239,0.000,1.000,0.000,0.000,0.000,0.000,0.000,0.000,0.000,0.000,"",
26.270,Right,-3.795,-0.279,-1.239,0.000,1.000,0.000,0.000,0.000,0.000,0.000,0.000,0.000,0.000,"",
26.285,Right,-3.795,-0.279,-1.239,0.000,1.000,0.000,0.000,0.000,0.000,0.000,0.000,0.000,0.000,"",
26.299,Right,-3.795,-0.279,-1.239,0.000,1.000,0.000,0.000,0.000,0.000,0.000,0.000,0.000,0.000,"",
26.312,Right,-3.795,-0.279,-1.239,0.000,1.000,0.000,0.000,0.000,0.000,0.000,0.000,0.000,0.000,"",
26.327,Right,-3.795,-0.279,-1.239,0.000,1.000,0.000,0.000,0.000,0.000,0.000,0.000,0.000,0.000,"",
26.341,Right,-3.795,-0.279,-1.239,0.000,1.000,0.000,0.000,0.000,0.000,0.000,0.000,0.000,0.000,"",
26.355,Right,-3.795,-0.279,-1.239,0.000,1.000,0.000,0.000,0.000,0.000,0.000,0.000,0.000,0.000,"",
26.367,Right,-3.795,-0.279,-1.239,0.000,1.000,0.000,0.000,0.000,0.000,0.000,0.000,0.000,0.000,"",
26.382,Right,-3.795,-0.279,-1.239,0.000,1.000,0.000,0.000,0.000,0.000,0.000,0.000,0.000,0.000,"",
26.396,Right,-3.795,-0.279,-1.239,0.000,1.000,0.000,0.000,0.000,0.000,0.000,0.000,0.000,0.000,"",
26.410,Right,-3.795,-0.279,-1.239,0.000,1.000,0.000,0.000,0.000,0.000,0.000,0.000,0.000,0.000,"",
26.425,Right,-3.795,-0.279,-1.239,0.000,1.000,0.000,0.000,0.000,0.000,0.000,0.000,0.000,0.000,"",
26.438,Right,-3.795,-0.279,-1.239,0.000,1.000,0.000,0.000,0.000,0.000,0.000,0.000,0.000,0.000,"",
26.451,Right,-3.795,-0.279,-1.239,0.000,1.000,0.000,0.000,0.000,0.000,0.000,0.000,0.000,0.000,"",
26.466,Right,-3.795,-0.279,-1.239,0.000,1.000,0.000,0.000,0.000,0.000,0.000,0.000,0.000,0.000,"",
26.482,Right,-3.795,-0.279,-1.239,0.000,1.000,0.000,0.000,0.000,0.000,0.000,0.000,0.000,0.000,"",
26.494,Right,-3.795,-0.279,-1.239,0.000,1.000,0.000,0.000,0.000,0.000,0.000,0.000,0.000,0.000,"",
26.508,Right,-3.795,-0.279,-1.239,0.000,1.000,0.000,0.000,0.000,0.000,0.000,0.000,0.000,0.000,"",
26.521,Right,-3.795,-0.279,-1.239,0.000,1.000,0.000,0.000,0.000,0.000,0.000,0.000,0.000,0.000,"",
26.535,Right,-3.795,-0.279,-1.239,0.000,1.000,0.000,0.000,0.000,0.000,0.000,0.000,0.000,0.000,"",
26.548,Right,-3.795,-0.279,-1.239,0.000,1.000,0.000,0.000,0.000,0.000,0.000,0.000,0.000,0.000,"",
26.563,Right,-3.795,-0.279,-1.239,0.000,1.000,0.000,0.000,0.000,0.000,0.000,0.000,0.000,0.000,"",
26.577,Right,-3.795,-0.279,-1.239,0.000,1.000,0.000,0.000,0.000,0.000,0.000,0.000,0.000,0.000,"",
26.591,Right,-3.795,-0.279,-1.239,0.000,1.000,0.000,0.000,0.000,0.000,0.000,0.000,0.000,0.000,"",
26.606,Right,-3.795,-0.279,-1.239,0.000,1.000,0.000,0.000,0.000,0.000,0.000,0.000,0.000,0.000,"",
26.620,Right,-3.795,-0.279,-1.239,0.000,1.000,0.000,0.000,0.000,0.000,0.000,0.000,0.000,0.000,"",
26.634,Right,-3.795,-0.279,-1.239,0.000,1.000,0.000,0.000,0.000,0.000,0.000,0.000,0.000,0.000,"",
26.647,Right,-3.795,-0.279,-1.239,0.000,1.000,0.000,0.000,0.000,0.000,0.000,0.000,0.000,0.000,"",
26.661,Right,-3.795,-0.279,-1.239,0.000,1.000,0.000,0.000,0.000,0.000,0.000,0.000,0.000,0.000,"",
26.676,Right,-3.795,-0.279,-1.239,0.000,1.000,0.000,0.000,0.000,0.000,0.000,0.000,0.000,0.000,"",
26.689,Right,-3.795,-0.279,-1.239,0.000,1.000,0.000,0.000,0.000,0.000,0.000,0.000,0.000,0.000,"",
26.703,Right,-3.795,-0.279,-1.239,0.000,1.000,0.000,0.000,0.000,0.000,0.000,0.000,0.000,0.000,"",
26.717,Right,-3.795,-0.279,-1.239,0.000,1.000,0.000,0.000,0.000,0.000,0.000,0.000,0.000,0.000,"",
26.730,Right,-3.795,-0.279,-1.239,0.000,1.000,0.000,0.000,0.000,0.000,0.000,0.000,0.000,0.000,"",
26.746,Right,-3.795,-0.279,-1.239,0.000,1.000,0.000,0.000,0.000,0.000,0.000,0.000,0.000,0.000,"",
26.759,Right,-3.795,-0.279,-1.239,0.000,1.000,0.000,0.000,0.000,0.000,0.000,0.000,0.000,0.000,"",
26.772,Right,-3.795,-0.279,-1.239,0.000,1.000,0.000,0.000,0.000,0.000,0.000,0.000,0.000,0.000,"",
26.787,Right,-3.795,-0.279,-1.239,0.000,1.000,0.000,0.000,0.000,0.000,0.000,0.000,0.000,0.000,"",
26.801,Right,-3.795,-0.279,-1.239,0.000,1.000,0.000,0.000,0.000,0.000,0.000,0.000,0.000,0.000,"",
26.815,Right,-3.795,-0.279,-1.239,0.000,1.000,0.000,0.000,0.000,0.000,0.000,0.000,0.000,0.000,"",
26.828,Right,-3.795,-0.279,-1.239,0.000,1.000,0.000,0.000,0.000,0.000,0.000,0.000,0.000,0.000,"",
26.843,Right,-3.795,-0.279,-1.239,0.000,1.000,0.000,0.000,0.000,0.000,0.000,0.000,0.000,0.000,"",
26.856,Right,-3.795,-0.279,-1.239,0.000,1.000,0.000,0.000,0.000,0.000,0.000,0.000,0.000,0.000,"",
26.870,Right,-3.795,-0.279,-1.239,0.000,1.000,0.000,0.000,0.000,0.000,0.000,0.000,0.000,0.000,"",
26.884,Right,-3.795,-0.279,-1.239,0.000,1.000,0.000,0.000,0.000,0.000,0.000,0.000,0.000,0.000,"",
26.898,Right,-3.795,-0.279,-1.239,0.000,1.000,0.000,0.000,0.000,0.000,0.000,0.000,0.000,0.000,"",
26.911,Right,-3.795,-0.279,-1.239,0.000,1.000,0.000,0.000,0.000,0.000,0.000,0.000,0.000,0.000,"",
26.926,Right,-3.795,-0.279,-1.239,0.000,1.000,0.000,0.000,0.000,0.000,0.000,0.000,0.000,0.000,"",
26.940,Right,-3.795,-0.279,-1.239,0.000,1.000,0.000,0.000,0.000,0.000,0.000,0.000,0.000,0.000,"",
26.953,Right,-3.795,-0.279,-1.239,0.000,1.000,0.000,0.000,0.000,0.000,0.000,0.000,0.000,0.000,"",
26.968,Right,-3.795,-0.279,-1.239,0.000,1.000,0.000,0.000,0.000,0.000,0.000,0.000,0.000,0.000,"",
26.981,Right,-3.795,-0.279,-1.239,0.000,1.000,0.000,0.000,0.000,0.000,0.000,0.000,0.000,0.000,"",
26.995,Right,-3.795,-0.279,-1.239,0.000,1.000,0.000,0.000,0.000,0.000,0.000,0.000,0.000,0.000,"",
27.009,Right,-3.795,-0.279,-1.239,0.000,1.000,0.000,0.000,0.000,0.000,0.000,0.000,0.000,0.000,"",
27.023,Right,-3.795,-0.279,-1.239,0.000,1.000,0.000,0.000,0.000,0.000,0.000,0.000,0.000,0.000,"",
27.037,Right,-3.795,-0.279,-1.239,0.000,1.000,0.000,0.000,0.000,0.000,0.000,0.000,0.000,0.000,"",
27.051,Right,-3.795,-0.279,-1.239,0.000,1.000,0.000,0.000,0.000,0.000,0.000,0.000,0.000,0.000,"",
27.065,Right,-3.795,-0.279,-1.239,0.000,1.000,0.000,0.000,0.000,0.000,0.000,0.000,0.000,0.000,"",
27.079,Right,-3.795,-0.279,-1.239,0.000,1.000,0.000,0.000,0.000,0.000,0.000,0.000,0.000,0.000,"",
27.093,Right,-3.795,-0.279,-1.239,0.000,1.000,0.000,0.000,0.000,0.000,0.000,0.000,0.000,0.000,"",
27.107,Right,-3.795,-0.279,-1.239,0.000,1.000,0.000,0.000,0.000,0.000,0.000,0.000,0.000,0.000,"",
27.121,Right,-3.795,-0.279,-1.239,0.000,1.000,0.000,0.000,0.000,0.000,0.000,0.000,0.000,0.000,"",
27.136,Right,-3.795,-0.279,-1.239,0.000,1.000,0.000,0.000,0.000,0.000,0.000,0.000,0.000,0.000,"",
27.148,Right,-3.795,-0.279,-1.239,0.000,1.000,0.000,0.000,0.000,0.000,0.000,0.000,0.000,0.000,"",
27.162,Right,-3.795,-0.279,-1.239,0.000,1.000,0.000,0.000,0.000,0.000,0.000,0.000,0.000,0.000,"",
27.177,Right,-3.795,-0.279,-1.239,0.000,1.000,0.000,0.000,0.000,0.000,0.000,0.000,0.000,0.000,"",
27.189,Right,-3.795,-0.279,-1.239,0.000,1.000,0.000,0.000,0.000,0.000,0.000,0.000,0.000,0.000,"",
27.204,Right,-3.795,-0.279,-1.239,0.000,1.000,0.000,0.000,0.000,0.000,0.000,0.000,0.000,0.000,"",
27.218,Right,-3.795,-0.279,-1.239,0.000,1.000,0.000,0.000,0.000,0.000,0.000,0.000,0.000,0.000,"",
27.230,Right,-3.795,-0.279,-1.239,0.000,1.000,0.000,0.000,0.000,0.000,0.000,0.000,0.000,0.000,"",
27.246,Right,-3.795,-0.279,-1.239,0.000,1.000,0.000,0.000,0.000,0.000,0.000,0.000,0.000,0.000,"",
27.260,Right,-3.795,-0.279,-1.239,0.000,1.000,0.000,0.000,0.000,0.000,0.000,0.000,0.000,0.000,"",
27.274,Right,-3.795,-0.279,-1.239,0.000,1.000,0.000,0.000,0.000,0.000,0.000,0.000,0.000,0.000,"",
27.286,Right,-3.795,-0.279,-1.239,0.000,1.000,0.000,0.000,0.000,0.000,0.000,0.000,0.000,0.000,"",
27.302,Right,-3.795,-0.279,-1.239,0.000,1.000,0.000,0.000,0.000,0.000,0.000,0.000,0.000,0.000,"",
27.315,Right,-3.795,-0.279,-1.239,0.000,1.000,0.000,0.000,0.000,0.000,0.000,0.000,0.000,0.000,"",
27.328,Right,-3.795,-0.279,-1.239,0.000,1.000,0.000,0.000,0.000,0.000,0.000,0.000,0.000,0.000,"",
27.344,Right,-3.795,-0.279,-1.239,0.000,1.000,0.000,0.000,0.000,0.000,0.000,0.000,0.000,0.000,"",
27.357,Right,-3.795,-0.279,-1.239,0.000,1.000,0.000,0.000,0.000,0.000,0.000,0.000,0.000,0.000,"",
27.370,Right,-3.795,-0.279,-1.239,0.000,1.000,0.000,0.000,0.000,0.000,0.000,0.000,0.000,0.000,"",
27.386,Right,-3.795,-0.279,-1.239,0.000,1.000,0.000,0.000,0.000,0.000,0.000,0.000,0.000,0.000,"",
27.399,Right,-3.795,-0.279,-1.239,0.000,1.000,0.000,0.000,0.000,0.000,0.000,0.000,0.000,0.000,"",
27.412,Right,-3.795,-0.279,-1.239,0.000,1.000,0.000,0.000,0.000,0.000,0.000,0.000,0.000,0.000,"",
27.427,Right,-3.795,-0.279,-1.239,0.000,1.000,0.000,0.000,0.000,0.000,0.000,0.000,0.000,0.000,"",
27.441,Right,-3.795,-0.279,-1.239,0.000,1.000,0.000,0.000,0.000,0.000,0.000,0.000,0.000,0.000,"",
27.455,Right,-3.795,-0.279,-1.239,0.000,1.000,0.000,0.000,0.000,0.000,0.000,0.000,0.000,0.000,"",
27.468,Right,-3.795,-0.279,-1.239,0.000,1.000,0.000,0.000,0.000,0.000,0.000,0.000,0.000,0.000,"",
27.483,Right,-3.795,-0.279,-1.239,0.000,1.000,0.000,0.000,0.000,0.000,0.000,0.000,0.000,0.000,"",
27.497,Right,-3.795,-0.279,-1.239,0.000,1.000,0.000,0.000,0.000,0.000,0.000,0.000,0.000,0.000,"",
27.510,Right,-3.795,-0.279,-1.239,0.000,1.000,0.000,0.000,0.000,0.000,0.000,0.000,0.000,0.000,"",
27.524,Right,-3.795,-0.279,-1.239,0.000,1.000,0.000,0.000,0.000,0.000,0.000,0.000,0.000,0.000,"",
27.538,Right,-3.795,-0.279,-1.239,0.000,1.000,0.000,0.000,0.000,0.000,0.000,0.000,0.000,0.000,"",
27.552,Right,-3.795,-0.279,-1.239,0.000,1.000,0.000,0.000,0.000,0.000,0.000,0.000,0.000,0.000,"",
27.567,Right,-3.795,-0.279,-1.239,0.000,1.000,0.000,0.000,0.000,0.000,0.000,0.000,0.000,0.000,"",
27.580,Right,-3.795,-0.279,-1.239,0.000,1.000,0.000,0.000,0.000,0.000,0.000,0.000,0.000,0.000,"",
27.594,Right,-3.795,-0.279,-1.239,0.000,1.000,0.000,0.000,0.000,0.000,0.000,0.000,0.000,0.000,"",
27.608,Right,-3.795,-0.279,-1.239,0.000,1.000,0.000,0.000,0.000,0.000,0.000,0.000,0.000,0.000,"",
27.623,Right,-3.795,-0.279,-1.239,0.000,1.000,0.000,0.000,0.000,0.000,0.000,0.000,0.000,0.000,"",
27.637,Right,-3.795,-0.279,-1.239,0.000,1.000,0.000,0.000,0.000,0.000,0.000,0.000,0.000,0.000,"",
27.649,Right,-3.795,-0.279,-1.239,0.000,1.000,0.000,0.000,0.000,0.000,0.000,0.000,0.000,0.000,"",
27.664,Right,-3.795,-0.279,-1.239,0.000,1.000,0.000,0.000,0.000,0.000,0.000,0.000,0.000,0.000,"",
27.678,Right,-3.795,-0.279,-1.239,0.000,1.000,0.000,0.000,0.000,0.000,0.000,0.000,0.000,0.000,"",
27.690,Right,-3.795,-0.279,-1.239,0.000,1.000,0.000,0.000,0.000,0.000,0.000,0.000,0.000,0.000,"",
27.706,Right,-3.795,-0.279,-1.239,0.000,1.000,0.000,0.000,0.000,0.000,0.000,0.000,0.000,0.000,"",
27.720,Right,-3.795,-0.279,-1.239,0.000,1.000,0.000,0.000,0.000,0.000,0.000,0.000,0.000,0.000,"",
27.734,Right,-3.795,-0.279,-1.239,0.000,1.000,0.000,0.000,0.000,0.000,0.000,0.000,0.000,0.000,"",
27.746,Right,-3.795,-0.279,-1.239,0.000,1.000,0.000,0.000,0.000,0.000,0.000,0.000,0.000,0.000,"",
27.762,Right,-3.795,-0.279,-1.239,0.000,1.000,0.000,0.000,0.000,0.000,0.000,0.000,0.000,0.000,"",
27.776,Right,-3.795,-0.279,-1.239,0.000,1.000,0.000,0.000,0.000,0.000,0.000,0.000,0.000,0.000,"",
27.789,Right,-3.795,-0.279,-1.239,0.000,1.000,0.000,0.000,0.000,0.000,0.000,0.000,0.000,0.000,"",
27.804,Right,-3.795,-0.279,-1.239,0.000,1.000,0.000,0.000,0.000,0.000,0.000,0.000,0.000,0.000,"",
27.818,Right,-3.795,-0.279,-1.239,0.000,1.000,0.000,0.000,0.000,0.000,0.000,0.000,0.000,0.000,"",
27.831,Right,-3.795,-0.279,-1.239,0.000,1.000,0.000,0.000,0.000,0.000,0.000,0.000,0.000,0.000,"",
27.846,Right,-3.795,-0.279,-1.239,0.000,1.000,0.000,0.000,0.000,0.000,0.000,0.000,0.000,0.000,"",
27.861,Right,-3.795,-0.279,-1.239,0.000,1.000,0.000,0.000,0.000,0.000,0.000,0.000,0.000,0.000,"",
27.875,Right,-3.795,-0.279,-1.239,0.000,1.000,0.000,0.000,0.000,0.000,0.000,0.000,0.000,0.000,"",
27.887,Right,-3.795,-0.279,-1.239,0.000,1.000,0.000,0.000,0.000,0.000,0.000,0.000,0.000,0.000,"",
27.902,Right,-3.795,-0.279,-1.239,0.000,1.000,0.000,0.000,0.000,0.000,0.000,0.000,0.000,0.000,"",
27.915,Right,-3.795,-0.279,-1.239,0.000,1.000,0.000,0.000,0.000,0.000,0.000,0.000,0.000,0.000,"",
27.928,Right,-3.795,-0.279,-1.239,0.000,1.000,0.000,0.000,0.000,0.000,0.000,0.000,0.000,0.000,"",
27.942,Right,-3.795,-0.279,-1.239,0.000,1.000,0.000,0.000,0.000,0.000,0.000,0.000,0.000,0.000,"",
27.956,Right,-3.795,-0.279,-1.239,0.000,1.000,0.000,0.000,0.000,0.000,0.000,0.000,0.000,0.000,"",
27.970,Right,-3.795,-0.279,-1.239,0.000,1.000,0.000,0.000,0.000,0.000,0.000,0.000,0.000,0.000,"",
27.984,Right,-3.795,-0.279,-1.239,0.000,1.000,0.000,0.000,0.000,0.000,0.000,0.000,0.000,0.000,"",
27.998,Right,-3.795,-0.279,-1.239,0.000,1.000,0.000,0.000,0.000,0.000,0.000,0.000,0.000,0.000,"",
28.011,Right,-3.795,-0.279,-1.239,0.000,1.000,0.000,0.000,0.000,0.000,0.000,0.000,0.000,0.000,"",
28.026,Right,-3.795,-0.279,-1.239,0.000,1.000,0.000,0.000,0.000,0.000,0.000,0.000,0.000,0.000,"",
28.040,Right,-3.795,-0.279,-1.239,0.000,1.000,0.000,0.000,0.000,0.000,0.000,0.000,0.000,0.000,"",
28.053,Right,-3.795,-0.279,-1.239,0.000,1.000,0.000,0.000,0.000,0.000,0.000,0.000,0.000,0.000,"",
28.067,Right,-3.795,-0.279,-1.239,0.000,1.000,0.000,0.000,0.000,0.000,0.000,0.000,0.000,0.000,"",
28.081,Right,-3.795,-0.279,-1.239,0.000,1.000,0.000,0.000,0.000,0.000,0.000,0.000,0.000,0.000,"",
28.096,Right,-3.795,-0.279,-1.239,0.000,1.000,0.000,0.000,0.000,0.000,0.000,0.000,0.000,0.000,"",
28.108,Right,-3.795,-0.279,-1.239,0.000,1.000,0.000,0.000,0.000,0.000,0.000,0.000,0.000,0.000,"",
28.123,Right,-3.795,-0.279,-1.239,0.000,1.000,0.000,0.000,0.000,0.000,0.000,0.000,0.000,0.000,"",
28.139,Right,-3.795,-0.279,-1.239,0.000,1.000,0.000,0.000,0.000,0.000,0.000,0.000,0.000,0.000,"",
28.151,Right,-3.795,-0.279,-1.239,0.000,1.000,0.000,0.000,0.000,0.000,0.000,0.000,0.000,0.000,"",
28.165,Right,-3.795,-0.279,-1.239,0.000,1.000,0.000,0.000,0.000,0.000,0.000,0.000,0.000,0.000,"",
28.180,Right,-3.795,-0.279,-1.239,0.000,1.000,0.000,0.000,0.000,0.000,0.000,0.000,0.000,0.000,"",
28.192,Right,-3.795,-0.279,-1.239,0.000,1.000,0.000,0.000,0.000,0.000,0.000,0.000,0.000,0.000,"",
28.207,Right,-3.795,-0.279,-1.239,0.000,1.000,0.000,0.000,0.000,0.000,0.000,0.000,0.000,0.000,"",
28.220,Right,-3.795,-0.279,-1.239,0.000,1.000,0.000,0.000,0.000,0.000,0.000,0.000,0.000,0.000,"",
28.235,Right,-3.795,-0.279,-1.239,0.000,1.000,0.000,0.000,0.000,0.000,0.000,0.000,0.000,0.000,"",
28.248,Right,-3.795,-0.279,-1.239,0.000,1.000,0.000,0.000,0.000,0.000,0.000,0.000,0.000,0.000,"",
28.263,Right,-3.795,-0.279,-1.239,0.000,1.000,0.000,0.000,0.000,0.000,0.000,0.000,0.000,0.000,"",
28.276,Right,-3.795,-0.279,-1.239,0.000,1.000,0.000,0.000,0.000,0.000,0.000,0.000,0.000,0.000,"",
28.290,Right,-3.795,-0.279,-1.239,0.000,1.000,0.000,0.000,0.000,0.000,0.000,0.000,0.000,0.000,"",
28.304,Right,-3.795,-0.279,-1.239,0.000,1.000,0.000,0.000,0.000,0.000,0.000,0.000,0.000,0.000,"",
28.318,Right,-3.795,-0.279,-1.239,0.000,1.000,0.000,0.000,0.000,0.000,0.000,0.000,0.000,0.000,"",
28.331,Right,-3.795,-0.279,-1.239,0.000,1.000,0.000,0.000,0.000,0.000,0.000,0.000,0.000,0.000,"",
28.346,Right,-3.795,-0.279,-1.239,0.000,1.000,0.000,0.000,0.000,0.000,0.000,0.000,0.000,0.000,"",
28.359,Right,-3.795,-0.279,-1.239,0.000,1.000,0.000,0.000,0.000,0.000,0.000,0.000,0.000,0.000,"",
28.372,Right,-3.795,-0.279,-1.239,0.000,1.000,0.000,0.000,0.000,0.000,0.000,0.000,0.000,0.000,"",
28.389,Right,-3.795,-0.279,-1.239,0.000,1.000,0.000,0.000,0.000,0.000,0.000,0.000,0.000,0.000,"",
28.402,Right,-3.795,-0.279,-1.239,0.000,1.000,0.000,0.000,0.000,0.000,0.000,0.000,0.000,0.000,"",
28.418,Right,-3.795,-0.279,-1.239,0.000,1.000,0.000,0.000,0.000,0.000,0.000,0.000,0.000,0.000,"",
28.429,Right,-3.795,-0.279,-1.239,0.000,1.000,0.000,0.000,0.000,0.000,0.000,0.000,0.000,0.000,"",
28.443,Right,-3.795,-0.279,-1.239,0.000,1.000,0.000,0.000,0.000,0.000,0.000,0.000,0.000,0.000,"",
28.457,Right,-3.795,-0.279,-1.239,0.000,1.000,0.000,0.000,0.000,0.000,0.000,0.000,0.000,0.000,"",
28.469,Right,-3.795,-0.279,-1.239,0.000,1.000,0.000,0.000,0.000,0.000,0.000,0.000,0.000,0.000,"",
28.485,Right,-3.795,-0.279,-1.239,0.000,1.000,0.000,0.000,0.000,0.000,0.000,0.000,0.000,0.000,"",
28.499,Right,-3.795,-0.279,-1.239,0.000,1.000,0.000,0.000,0.000,0.000,0.000,0.000,0.000,0.000,"",
28.512,Right,-3.795,-0.279,-1.239,0.000,1.000,0.000,0.000,0.000,0.000,0.000,0.000,0.000,0.000,"",
28.527,Right,-3.795,-0.279,-1.239,0.000,1.000,0.000,0.000,0.000,0.000,0.000,0.000,0.000,0.000,"",
28.540,Right,-3.795,-0.279,-1.239,0.000,1.000,0.000,0.000,0.000,0.000,0.000,0.000,0.000,0.000,"",
28.554,Right,-3.795,-0.279,-1.239,0.000,1.000,0.000,0.000,0.000,0.000,0.000,0.000,0.000,0.000,"",
28.568,Right,-3.795,-0.279,-1.239,0.000,1.000,0.000,0.000,0.000,0.000,0.000,0.000,0.000,0.000,"",
28.583,Right,-3.795,-0.279,-1.239,0.000,1.000,0.000,0.000,0.000,0.000,0.000,0.000,0.000,0.000,"",
28.597,Right,-3.795,-0.279,-1.239,0.000,1.000,0.000,0.000,0.000,0.000,0.000,0.000,0.000,0.000,"",
28.610,Right,-3.795,-0.279,-1.239,0.000,1.000,0.000,0.000,0.000,0.000,0.000,0.000,0.000,0.000,"",
28.625,Right,-3.795,-0.279,-1.239,0.000,1.000,0.000,0.000,0.000,0.000,0.000,0.000,0.000,0.000,"",
28.639,Right,-3.795,-0.279,-1.239,0.000,1.000,0.000,0.000,0.000,0.000,0.000,0.000,0.000,0.000,"",
28.651,Right,-3.795,-0.279,-1.239,0.000,1.000,0.000,0.000,0.000,0.000,0.000,0.000,0.000,0.000,"",
28.667,Right,-3.795,-0.279,-1.239,0.000,1.000,0.000,0.000,0.000,0.000,0.000,0.000,0.000,0.000,"",
28.681,Right,-3.795,-0.279,-1.239,0.000,1.000,0.000,0.000,0.000,0.000,0.000,0.000,0.000,0.000,"",
28.694,Right,-3.795,-0.279,-1.239,0.000,1.000,0.000,0.000,0.000,0.000,0.000,0.000,0.000,0.000,"",
28.708,Right,-3.795,-0.279,-1.239,0.000,1.000,0.000,0.000,0.000,0.000,0.000,0.000,0.000,0.000,"",
28.723,Right,-3.795,-0.279,-1.239,0.000,1.000,0.000,0.000,0.000,0.000,0.000,0.000,0.000,0.000,"",
28.737,Right,-3.795,-0.279,-1.239,0.000,1.000,0.000,0.000,0.000,0.000,0.000,0.000,0.000,0.000,"",
28.749,Right,-3.795,-0.279,-1.239,0.000,1.000,0.000,0.000,0.000,0.000,0.000,0.000,0.000,0.000,"",
28.765,Right,-3.795,-0.279,-1.239,0.000,1.000,0.000,0.000,0.000,0.000,0.000,0.000,0.000,0.000,"",
28.778,Right,-3.795,-0.279,-1.239,0.000,1.000,0.000,0.000,0.000,0.000,0.000,0.000,0.000,0.000,"",
28.790,Right,-3.795,-0.279,-1.239,0.000,1.000,0.000,0.000,0.000,0.000,0.000,0.000,0.000,0.000,"",
28.806,Right,-3.795,-0.279,-1.239,0.000,1.000,0.000,0.000,0.000,0.000,0.000,0.000,0.000,0.000,"",
28.820,Right,-3.795,-0.279,-1.239,0.000,1.000,0.000,0.000,0.000,0.000,0.000,0.000,0.000,0.000,"",
28.833,Right,-3.795,-0.279,-1.239,0.000,1.000,0.000,0.000,0.000,0.000,0.000,0.000,0.000,0.000,"",
28.846,Right,-3.795,-0.279,-1.239,0.000,1.000,0.000,0.000,0.000,0.000,0.000,0.000,0.000,0.000,"",
28.862,Right,-3.795,-0.279,-1.239,0.000,1.000,0.000,0.000,0.000,0.000,0.000,0.000,0.000,0.000,"",
28.876,Right,-3.795,-0.279,-1.239,0.000,1.000,0.000,0.000,0.000,0.000,0.000,0.000,0.000,0.000,"",
28.889,Right,-3.795,-0.279,-1.239,0.000,1.000,0.000,0.000,0.000,0.000,0.000,0.000,0.000,0.000,"",
28.903,Right,-3.795,-0.279,-1.239,0.000,1.000,0.000,0.000,0.000,0.000,0.000,0.000,0.000,0.000,"",
28.917,Right,-3.795,-0.279,-1.239,0.000,1.000,0.000,0.000,0.000,0.000,0.000,0.000,0.000,0.000,"",
28.931,Right,-3.795,-0.279,-1.239,0.000,1.000,0.000,0.000,0.000,0.000,0.000,0.000,0.000,0.000,"",
28.945,Right,-3.795,-0.279,-1.239,0.000,1.000,0.000,0.000,0.000,0.000,0.000,0.000,0.000,0.000,"",
28.960,Right,-3.795,-0.279,-1.239,0.000,1.000,0.000,0.000,0.000,0.000,0.000,0.000,0.000,0.000,"",
28.973,Right,-3.795,-0.279,-1.239,0.000,1.000,0.000,0.000,0.000,0.000,0.000,0.000,0.000,0.000,"",
28.987,Right,-3.795,-0.279,-1.239,0.000,1.000,0.000,0.000,0.000,0.000,0.000,0.000,0.000,0.000,"",
29.000,Right,-3.795,-0.279,-1.239,0.000,1.000,0.000,0.000,0.000,0.000,0.000,0.000,0.000,0.000,"",
29.014,Right,-3.795,-0.279,-1.239,0.000,1.000,0.000,0.000,0.000,0.000,0.000,0.000,0.000,0.000,"",
29.028,Right,-3.795,-0.279,-1.239,0.000,1.000,0.000,0.000,0.000,0.000,0.000,0.000,0.000,0.000,"",
29.042,Right,-3.795,-0.279,-1.239,0.000,1.000,0.000,0.000,0.000,0.000,0.000,0.000,0.000,0.000,"",
29.057,Right,-3.795,-0.279,-1.239,0.000,1.000,0.000,0.000,0.000,0.000,0.000,0.000,0.000,0.000,"",
29.070,Right,-3.795,-0.279,-1.239,0.000,1.000,0.000,0.000,0.000,0.000,0.000,0.000,0.000,0.000,"",
29.084,Right,-3.795,-0.279,-1.239,0.000,1.000,0.000,0.000,0.000,0.000,0.000,0.000,0.000,0.000,"",
29.098,Right,-3.795,-0.279,-1.239,0.000,1.000,0.000,0.000,0.000,0.000,0.000,0.000,0.000,0.000,"",
29.110,Right,-3.795,-0.279,-1.239,0.000,1.000,0.000,0.000,0.000,0.000,0.000,0.000,0.000,0.000,"",
29.126,Right,-3.795,-0.279,-1.239,0.000,1.000,0.000,0.000,0.000,0.000,0.000,0.000,0.000,0.000,"",
29.140,Right,-3.795,-0.279,-1.239,0.000,1.000,0.000,0.000,0.000,0.000,0.000,0.000,0.000,0.000,"",
29.153,Right,-3.795,-0.279,-1.239,0.000,1.000,0.000,0.000,0.000,0.000,0.000,0.000,0.000,0.000,"",
29.168,Right,-3.795,-0.279,-1.239,0.000,1.000,0.000,0.000,0.000,0.000,0.000,0.000,0.000,0.000,"",
29.182,Right,-3.795,-0.279,-1.239,0.000,1.000,0.000,0.000,0.000,0.000,0.000,0.000,0.000,0.000,"",
29.195,Right,-3.795,-0.279,-1.239,0.000,1.000,0.000,0.000,0.000,0.000,0.000,0.000,0.000,0.000,"",
29.208,Right,-3.795,-0.279,-1.239,0.000,1.000,0.000,0.000,0.000,0.000,0.000,0.000,0.000,0.000,"",
29.223,Right,-3.795,-0.279,-1.239,0.000,1.000,0.000,0.000,0.000,0.000,0.000,0.000,0.000,0.000,"",
29.237,Right,-3.795,-0.279,-1.239,0.000,1.000,0.000,0.000,0.000,0.000,0.000,0.000,0.000,0.000,"",
29.249,Right,-3.795,-0.279,-1.239,0.000,1.000,0.000,0.000,0.000,0.000,0.000,0.000,0.000,0.000,"",
29.265,Right,-3.795,-0.279,-1.239,0.000,1.000,0.000,0.000,0.000,0.000,0.000,0.000,0.000,0.000,"",
29.279,Right,-3.795,-0.279,-1.239,0.000,1.000,0.000,0.000,0.000,0.000,0.000,0.000,0.000,0.000,"",
29.292,Right,-3.795,-0.279,-1.239,0.000,1.000,0.000,0.000,0.000,0.000,0.000,0.000,0.000,0.000,"",
29.307,Right,-3.795,-0.279,-1.239,0.000,1.000,0.000,0.000,0.000,0.000,0.000,0.000,0.000,0.000,"",
29.321,Right,-3.795,-0.279,-1.239,0.000,1.000,0.000,0.000,0.000,0.000,0.000,0.000,0.000,0.000,"",
29.335,Right,-3.795,-0.279,-1.239,0.000,1.000,0.000,0.000,0.000,0.000,0.000,0.000,0.000,0.000,"",
29.347,Right,-3.795,-0.279,-1.239,0.000,1.000,0.000,0.000,0.000,0.000,0.000,0.000,0.000,0.000,"",
29.363,Right,-3.795,-0.279,-1.239,0.000,1.000,0.000,0.000,0.000,0.000,0.000,0.000,0.000,0.000,"",
29.377,Right,-3.795,-0.279,-1.239,0.000,1.000,0.000,0.000,0.000,0.000,0.000,0.000,0.000,0.000,"",
29.390,Right,-3.795,-0.279,-1.239,0.000,1.000,0.000,0.000,0.000,0.000,0.000,0.000,0.000,0.000,"",
29.405,Right,-3.795,-0.279,-1.239,0.000,1.000,0.000,0.000,0.000,0.000,0.000,0.000,0.000,0.000,"",
29.419,Right,-3.795,-0.279,-1.239,0.000,1.000,0.000,0.000,0.000,0.000,0.000,0.000,0.000,0.000,"",
29.432,Right,-3.795,-0.279,-1.239,0.000,1.000,0.000,0.000,0.000,0.000,0.000,0.000,0.000,0.000,"",
29.446,Right,-3.795,-0.279,-1.239,0.000,1.000,0.000,0.000,0.000,0.000,0.000,0.000,0.000,0.000,"",
29.460,Right,-3.795,-0.279,-1.239,0.000,1.000,0.000,0.000,0.000,0.000,0.000,0.000,0.000,0.000,"",
29.473,Right,-3.795,-0.279,-1.239,0.000,1.000,0.000,0.000,0.000,0.000,0.000,0.000,0.000,0.000,"",
29.489,Right,-3.795,-0.279,-1.239,0.000,1.000,0.000,0.000,0.000,0.000,0.000,0.000,0.000,0.000,"",
29.502,Right,-3.795,-0.279,-1.239,0.000,1.000,0.000,0.000,0.000,0.000,0.000,0.000,0.000,0.000,"",
29.516,Right,-3.795,-0.279,-1.239,0.000,1.000,0.000,0.000,0.000,0.000,0.000,0.000,0.000,0.000,"",
29.529,Right,-3.795,-0.279,-1.239,0.000,1.000,0.000,0.000,0.000,0.000,0.000,0.000,0.000,0.000,"",
29.544,Right,-3.795,-0.279,-1.239,0.000,1.000,0.000,0.000,0.000,0.000,0.000,0.000,0.000,0.000,"",
29.558,Right,-3.795,-0.279,-1.239,0.000,1.000,0.000,0.000,0.000,0.000,0.000,0.000,0.000,0.000,"",
29.571,Right,-3.795,-0.279,-1.239,0.000,1.000,0.000,0.000,0.000,0.000,0.000,0.000,0.000,0.000,"",
29.585,Right,-3.795,-0.279,-1.239,0.000,1.000,0.000,0.000,0.000,0.000,0.000,0.000,0.000,0.000,"",
29.600,Right,-3.795,-0.279,-1.239,0.000,1.000,0.000,0.000,0.000,0.000,0.000,0.000,0.000,0.000,"",
29.612,Right,-3.795,-0.279,-1.239,0.000,1.000,0.000,0.000,0.000,0.000,0.000,0.000,0.000,0.000,"",
29.627,Right,-3.795,-0.279,-1.239,0.000,1.000,0.000,0.000,0.000,0.000,0.000,0.000,0.000,0.000,"",
29.641,Right,-3.795,-0.279,-1.239,0.000,1.000,0.000,0.000,0.000,0.000,0.000,0.000,0.000,0.000,"",
29.655,Right,-3.795,-0.279,-1.239,0.000,1.000,0.000,0.000,0.000,0.000,0.000,0.000,0.000,0.000,"",
29.668,Right,-3.795,-0.279,-1.239,0.000,1.000,0.000,0.000,0.000,0.000,0.000,0.000,0.000,0.000,"",
29.683,Right,-3.795,-0.279,-1.239,0.000,1.000,0.000,0.000,0.000,0.000,0.000,0.000,0.000,0.000,"",
29.696,Right,-3.795,-0.279,-1.239,0.000,1.000,0.000,0.000,0.000,0.000,0.000,0.000,0.000,0.000,"",
29.709,Right,-3.795,-0.279,-1.239,0.000,1.000,0.000,0.000,0.000,0.000,0.000,0.000,0.000,0.000,"",
29.724,Right,-3.795,-0.279,-1.239,0.000,1.000,0.000,0.000,0.000,0.000,0.000,0.000,0.000,0.000,"",
29.739,Right,-3.795,-0.279,-1.239,0.000,1.000,0.000,0.000,0.000,0.000,0.000,0.000,0.000,0.000,"",
29.752,Right,-3.795,-0.279,-1.239,0.000,1.000,0.000,0.000,0.000,0.000,0.000,0.000,0.000,0.000,"",
29.767,Right,-3.795,-0.279,-1.239,0.000,1.000,0.000,0.000,0.000,0.000,0.000,0.000,0.000,0.000,"",
29.780,Right,-3.795,-0.279,-1.239,0.000,1.000,0.000,0.000,0.000,0.000,0.000,0.000,0.000,0.000,"",
29.794,Right,-3.795,-0.279,-1.239,0.000,1.000,0.000,0.000,0.000,0.000,0.000,0.000,0.000,0.000,"",
29.806,Right,-3.795,-0.279,-1.239,0.000,1.000,0.000,0.000,0.000,0.000,0.000,0.000,0.000,0.000,"",
29.825,Right,-3.795,-0.279,-1.239,0.000,1.000,0.000,0.000,0.000,0.000,0.000,0.000,0.000,0.000,"",
29.838,Right,-3.795,-0.279,-1.239,0.000,1.000,0.000,0.000,0.000,0.000,0.000,0.000,0.000,0.000,"",
29.850,Right,-3.795,-0.279,-1.239,0.000,1.000,0.000,0.000,0.000,0.000,0.000,0.000,0.000,0.000,"",
29.863,Right,-3.795,-0.279,-1.239,0.000,1.000,0.000,0.000,0.000,0.000,0.000,0.000,0.000,0.000,"",
29.877,Right,-3.795,-0.279,-1.239,0.000,1.000,0.000,0.000,0.000,0.000,0.000,0.000,0.000,0.000,"",
29.891,Right,-3.795,-0.279,-1.239,0.000,1.000,0.000,0.000,0.000,0.000,0.000,0.000,0.000,0.000,"",
29.906,Right,-3.795,-0.279,-1.239,0.000,1.000,0.000,0.000,0.000,0.000,0.000,0.000,0.000,0.000,"",
29.919,Right,-3.795,-0.279,-1.239,0.000,1.000,0.000,0.000,0.000,0.000,0.000,0.000,0.000,0.000,"",
29.933,Right,-3.795,-0.279,-1.239,0.000,1.000,0.000,0.000,0.000,0.000,0.000,0.000,0.000,0.000,"",
29.948,Right,-3.795,-0.279,-1.239,0.000,1.000,0.000,0.000,0.000,0.000,0.000,0.000,0.000,0.000,"",
29.962,Right,-3.795,-0.279,-1.239,0.000,1.000,0.000,0.000,0.000,0.000,0.000,0.000,0.000,0.000,"",
29.977,Right,-3.795,-0.279,-1.239,0.000,1.000,0.000,0.000,0.000,0.000,0.000,0.000,0.000,0.000,"",
29.990,Right,-3.795,-0.279,-1.239,0.000,1.000,0.000,0.000,0.000,0.000,0.000,0.000,0.000,0.000,"",
30.003,Right,-3.795,-0.279,-1.239,0.000,1.000,0.000,0.000,0.000,0.000,0.000,0.000,0.000,0.000,"",
30.017,Right,-3.795,-0.279,-1.239,0.000,1.000,0.000,0.000,0.000,0.000,0.000,0.000,0.000,0.000,"",
30.029,Right,-3.795,-0.279,-1.239,0.000,1.000,0.000,0.000,0.000,0.000,0.000,0.000,0.000,0.000,"",
30.043,Right,-3.795,-0.279,-1.239,0.000,1.000,0.000,0.000,0.000,0.000,0.000,0.000,0.000,0.000,"",
30.058,Right,-3.795,-0.279,-1.239,0.000,1.000,0.000,0.000,0.000,0.000,0.000,0.000,0.000,0.000,"",
30.070,Right,-3.795,-0.279,-1.239,0.000,1.000,0.000,0.000,0.000,0.000,0.000,0.000,0.000,0.000,"",
30.085,Right,-3.795,-0.279,-1.239,0.000,1.000,0.000,0.000,0.000,0.000,0.000,0.000,0.000,0.000,"",
30.100,Right,-3.795,-0.279,-1.239,0.000,1.000,0.000,0.000,0.000,0.000,0.000,0.000,0.000,0.000,"",
30.113,Right,-3.795,-0.279,-1.239,0.000,1.000,0.000,0.000,0.000,0.000,0.000,0.000,0.000,0.000,"",
30.127,Right,-3.795,-0.279,-1.239,0.000,1.000,0.000,0.000,0.000,0.000,0.000,0.000,0.000,0.000,"",
30.142,Right,-3.795,-0.279,-1.239,0.000,1.000,0.000,0.000,0.000,0.000,0.000,0.000,0.000,0.000,"",
30.155,Right,-3.795,-0.279,-1.239,0.000,1.000,0.000,0.000,0.000,0.000,0.000,0.000,0.000,0.000,"",
30.168,Right,-3.795,-0.279,-1.239,0.000,1.000,0.000,0.000,0.000,0.000,0.000,0.000,0.000,0.000,"",
30.184,Right,-3.795,-0.279,-1.239,0.000,1.000,0.000,0.000,0.000,0.000,0.000,0.000,0.000,0.000,"",
30.198,Right,-3.795,-0.279,-1.239,0.000,1.000,0.000,0.000,0.000,0.000,0.000,0.000,0.000,0.000,"",
30.210,Right,-3.795,-0.279,-1.239,0.000,1.000,0.000,0.000,0.000,0.000,0.000,0.000,0.000,0.000,"",
30.225,Right,-3.795,-0.279,-1.239,0.000,1.000,0.000,0.000,0.000,0.000,0.000,0.000,0.000,0.000,"",
30.239,Right,-3.795,-0.279,-1.239,0.000,1.000,0.000,0.000,0.000,0.000,0.000,0.000,0.000,0.000,"",
30.252,Right,-3.795,-0.279,-1.239,0.000,1.000,0.000,0.000,0.000,0.000,0.000,0.000,0.000,0.000,"",
30.267,Right,-3.795,-0.279,-1.239,0.000,1.000,0.000,0.000,0.000,0.000,0.000,0.000,0.000,0.000,"",
30.281,Right,-3.795,-0.279,-1.239,0.000,1.000,0.000,0.000,0.000,0.000,0.000,0.000,0.000,0.000,"",
30.295,Right,-3.795,-0.279,-1.239,0.000,1.000,0.000,0.000,0.000,0.000,0.000,0.000,0.000,0.000,"",
30.308,Right,-3.795,-0.279,-1.239,0.000,1.000,0.000,0.000,0.000,0.000,0.000,0.000,0.000,0.000,"",
30.323,Right,-3.795,-0.279,-1.239,0.000,1.000,0.000,0.000,0.000,0.000,0.000,0.000,0.000,0.000,"",
30.338,Right,-3.795,-0.279,-1.239,0.000,1.000,0.000,0.000,0.000,0.000,0.000,0.000,0.000,0.000,"",
30.350,Right,-3.795,-0.279,-1.239,0.000,1.000,0.000,0.000,0.000,0.000,0.000,0.000,0.000,0.000,"",
30.365,Right,-3.795,-0.279,-1.239,0.000,1.000,0.000,0.000,0.000,0.000,0.000,0.000,0.000,0.000,"",
30.379,Right,-3.795,-0.279,-1.239,0.000,1.000,0.000,0.000,0.000,0.000,0.000,0.000,0.000,0.000,"",
30.393,Right,-3.795,-0.279,-1.239,0.000,1.000,0.000,0.000,0.000,0.000,0.000,0.000,0.000,0.000,"",
30.407,Right,-3.795,-0.279,-1.239,0.000,1.000,0.000,0.000,0.000,0.000,0.000,0.000,0.000,0.000,"",
30.421,Right,-3.795,-0.279,-1.239,0.000,1.000,0.000,0.000,0.000,0.000,0.000,0.000,0.000,0.000,"",
30.435,Right,-3.795,-0.279,-1.239,0.000,1.000,0.000,0.000,0.000,0.000,0.000,0.000,0.000,0.000,"",
30.447,Right,-3.795,-0.279,-1.239,0.000,1.000,0.000,0.000,0.000,0.000,0.000,0.000,0.000,0.000,"",
30.463,Right,-3.795,-0.279,-1.239,0.000,1.000,0.000,0.000,0.000,0.000,0.000,0.000,0.000,0.000,"",
30.477,Right,-3.795,-0.279,-1.239,0.000,1.000,0.000,0.000,0.000,0.000,0.000,0.000,0.000,0.000,"",
30.489,Right,-3.795,-0.279,-1.239,0.000,1.000,0.000,0.000,0.000,0.000,0.000,0.000,0.000,0.000,"",
30.504,Right,-3.795,-0.279,-1.239,0.000,1.000,0.000,0.000,0.000,0.000,0.000,0.000,0.000,0.000,"",
30.519,Right,-3.795,-0.279,-1.239,0.000,1.000,0.000,0.000,0.000,0.000,0.000,0.000,0.000,0.000,"",
30.531,Right,-3.795,-0.279,-1.239,0.000,1.000,0.000,0.000,0.000,0.000,0.000,0.000,0.000,0.000,"",
30.546,Right,-3.795,-0.279,-1.239,0.000,1.000,0.000,0.000,0.000,0.000,0.000,0.000,0.000,0.000,"",
30.560,Right,-3.795,-0.279,-1.239,0.000,1.000,0.000,0.000,0.000,0.000,0.000,0.000,0.000,0.000,"",
30.573,Right,-3.795,-0.279,-1.239,0.000,1.000,0.000,0.000,0.000,0.000,0.000,0.000,0.000,0.000,"",
30.587,Right,-3.795,-0.279,-1.239,0.000,1.000,0.000,0.000,0.000,0.000,0.000,0.000,0.000,0.000,"",
30.602,Right,-3.795,-0.279,-1.239,0.000,1.000,0.000,0.000,0.000,0.000,0.000,0.000,0.000,0.000,"",
30.616,Right,-3.795,-0.279,-1.239,0.000,1.000,0.000,0.000,0.000,0.000,0.000,0.000,0.000,0.000,"",
30.628,Right,-3.795,-0.279,-1.239,0.000,1.000,0.000,0.000,0.000,0.000,0.000,0.000,0.000,0.000,"",
30.643,Right,-3.795,-0.279,-1.239,0.000,1.000,0.000,0.000,0.000,0.000,0.000,0.000,0.000,0.000,"",
30.656,Right,-3.795,-0.279,-1.239,0.000,1.000,0.000,0.000,0.000,0.000,0.000,0.000,0.000,0.000,"",
30.670,Right,-3.795,-0.279,-1.239,0.000,1.000,0.000,0.000,0.000,0.000,0.000,0.000,0.000,0.000,"",
30.685,Right,-3.795,-0.279,-1.239,0.000,1.000,0.000,0.000,0.000,0.000,0.000,0.000,0.000,0.000,"",
30.700,Right,-3.795,-0.279,-1.239,0.000,1.000,0.000,0.000,0.000,0.000,0.000,0.000,0.000,0.000,"",
30.712,Right,-3.795,-0.279,-1.239,0.000,1.000,0.000,0.000,0.000,0.000,0.000,0.000,0.000,0.000,"",
30.727,Right,-3.795,-0.279,-1.239,0.000,1.000,0.000,0.000,0.000,0.000,0.000,0.000,0.000,0.000,"",
30.741,Right,-3.795,-0.279,-1.239,0.000,1.000,0.000,0.000,0.000,0.000,0.000,0.000,0.000,0.000,"",
30.754,Right,-3.795,-0.279,-1.239,0.000,1.000,0.000,0.000,0.000,0.000,0.000,0.000,0.000,0.000,"",
30.768,Right,-3.795,-0.279,-1.239,0.000,1.000,0.000,0.000,0.000,0.000,0.000,0.000,0.000,0.000,"",
30.783,Right,-3.795,-0.279,-1.239,0.000,1.000,0.000,0.000,0.000,0.000,0.000,0.000,0.000,0.000,"",
30.796,Right,-3.795,-0.279,-1.239,0.000,1.000,0.000,0.000,0.000,0.000,0.000,0.000,0.000,0.000,"",
30.810,Right,-3.795,-0.279,-1.239,0.000,1.000,0.000,0.000,0.000,0.000,0.000,0.000,0.000,0.000,"",
30.824,Right,-3.795,-0.279,-1.239,0.000,1.000,0.000,0.000,0.000,0.000,0.000,0.000,0.000,0.000,"",
30.837,Right,-3.795,-0.279,-1.239,0.000,1.000,0.000,0.000,0.000,0.000,0.000,0.000,0.000,0.000,"",
30.851,Right,-3.795,-0.279,-1.239,0.000,1.000,0.000,0.000,0.000,0.000,0.000,0.000,0.000,0.000,"",
30.865,Right,-3.795,-0.279,-1.239,0.000,1.000,0.000,0.000,0.000,0.000,0.000,0.000,0.000,0.000,"",
30.880,Right,-3.795,-0.279,-1.239,0.000,1.000,0.000,0.000,0.000,0.000,0.000,0.000,0.000,0.000,"",
30.893,Right,-3.795,-0.279,-1.239,0.000,1.000,0.000,0.000,0.000,0.000,0.000,0.000,0.000,0.000,"",
30.909,Right,-3.795,-0.279,-1.239,0.000,1.000,0.000,0.000,0.000,0.000,0.000,0.000,0.000,0.000,"",
30.922,Right,-3.795,-0.279,-1.239,0.000,1.000,0.000,0.000,0.000,0.000,0.000,0.000,0.000,0.000,"",
30.936,Right,-3.795,-0.279,-1.239,0.000,1.000,0.000,0.000,0.000,0.000,0.000,0.000,0.000,0.000,"",
30.949,Right,-3.795,-0.279,-1.239,0.000,1.000,0.000,0.000,0.000,0.000,0.000,0.000,0.000,0.000,"",
30.963,Right,-3.795,-0.279,-1.239,0.000,1.000,0.000,0.000,0.000,0.000,0.000,0.000,0.000,0.000,"",
30.978,Right,-3.795,-0.279,-1.239,0.000,1.000,0.000,0.000,0.000,0.000,0.000,0.000,0.000,0.000,"",
30.990,Right,-3.795,-0.279,-1.239,0.000,1.000,0.000,0.000,0.000,0.000,0.000,0.000,0.000,0.000,"",
31.006,Right,-3.795,-0.279,-1.239,0.000,1.000,0.000,0.000,0.000,0.000,0.000,0.000,0.000,0.000,"",
31.019,Right,-3.795,-0.279,-1.239,0.000,1.000,0.000,0.000,0.000,0.000,0.000,0.000,0.000,0.000,"",
31.032,Right,-3.795,-0.279,-1.239,0.000,1.000,0.000,0.000,0.000,0.000,0.000,0.000,0.000,0.000,"",
31.048,Right,-3.795,-0.279,-1.239,0.000,1.000,0.000,0.000,0.000,0.000,0.000,0.000,0.000,0.000,"",
31.061,Right,-3.795,-0.279,-1.239,0.000,1.000,0.000,0.000,0.000,0.000,0.000,0.000,0.000,0.000,"",
31.075,Right,-3.795,-0.279,-1.239,0.000,1.000,0.000,0.000,0.000,0.000,0.000,0.000,0.000,0.000,"",
31.088,Right,-3.795,-0.279,-1.239,0.000,1.000,0.000,0.000,0.000,0.000,0.000,0.000,0.000,0.000,"",
31.104,Right,-3.795,-0.279,-1.239,0.000,1.000,0.000,0.000,0.000,0.000,0.000,0.000,0.000,0.000,"",
31.116,Right,-3.795,-0.279,-1.239,0.000,1.000,0.000,0.000,0.000,0.000,0.000,0.000,0.000,0.000,"",
31.129,Right,-3.795,-0.279,-1.239,0.000,1.000,0.000,0.000,0.000,0.000,0.000,0.000,0.000,0.000,"",
31.144,Right,-3.795,-0.279,-1.239,0.000,1.000,0.000,0.000,0.000,0.000,0.000,0.000,0.000,0.000,"",
31.159,Right,-3.795,-0.279,-1.239,0.000,1.000,0.000,0.000,0.000,0.000,0.000,0.000,0.000,0.000,"",
31.172,Right,-3.795,-0.279,-1.239,0.000,1.000,0.000,0.000,0.000,0.000,0.000,0.000,0.000,0.000,"",
31.186,Right,-3.795,-0.279,-1.239,0.000,1.000,0.000,0.000,0.000,0.000,0.000,0.000,0.000,0.000,"",
31.200,Right,-3.795,-0.279,-1.239,0.000,1.000,0.000,0.000,0.000,0.000,0.000,0.000,0.000,0.000,"",
31.214,Right,-3.795,-0.279,-1.239,0.000,1.000,0.000,0.000,0.000,0.000,0.000,0.000,0.000,0.000,"",
31.227,Right,-3.795,-0.279,-1.239,0.000,1.000,0.000,0.000,0.000,0.000,0.000,0.000,0.000,0.000,"",
31.242,Right,-3.795,-0.279,-1.239,0.000,1.000,0.000,0.000,0.000,0.000,0.000,0.000,0.000,0.000,"",
31.256,Right,-3.795,-0.279,-1.239,0.000,1.000,0.000,0.000,0.000,0.000,0.000,0.000,0.000,0.000,"",
31.269,Right,-3.795,-0.279,-1.239,0.000,1.000,0.000,0.000,0.000,0.000,0.000,0.000,0.000,0.000,"",
31.284,Right,-3.795,-0.279,-1.239,0.000,1.000,0.000,0.000,0.000,0.000,0.000,0.000,0.000,0.000,"",
31.297,Right,-3.795,-0.279,-1.239,0.000,1.000,0.000,0.000,0.000,0.000,0.000,0.000,0.000,0.000,"",
31.310,Right,-3.795,-0.279,-1.239,0.000,1.000,0.000,0.000,0.000,0.000,0.000,0.000,0.000,0.000,"",
31.326,Right,-3.795,-0.279,-1.239,0.000,1.000,0.000,0.000,0.000,0.000,0.000,0.000,0.000,0.000,"",
31.339,Right,-3.795,-0.279,-1.239,0.000,1.000,0.000,0.000,0.000,0.000,0.000,0.000,0.000,0.000,"",
31.353,Right,-3.795,-0.279,-1.239,0.000,1.000,0.000,0.000,0.000,0.000,0.000,0.000,0.000,0.000,"",
31.367,Right,-3.795,-0.279,-1.239,0.000,1.000,0.000,0.000,0.000,0.000,0.000,0.000,0.000,0.000,"",
31.381,Right,-3.795,-0.279,-1.239,0.000,1.000,0.000,0.000,0.000,0.000,0.000,0.000,0.000,0.000,"",
31.396,Right,-3.795,-0.279,-1.239,0.000,1.000,0.000,0.000,0.000,0.000,0.000,0.000,0.000,0.000,"",
31.409,Right,-3.795,-0.279,-1.239,0.000,1.000,0.000,0.000,0.000,0.000,0.000,0.000,0.000,0.000,"",
31.423,Right,-3.795,-0.279,-1.239,0.000,1.000,0.000,0.000,0.000,0.000,0.000,0.000,0.000,0.000,"",
31.438,Right,-3.795,-0.279,-1.239,0.000,1.000,0.000,0.000,0.000,0.000,0.000,0.000,0.000,0.000,"",
31.450,Right,-3.795,-0.279,-1.239,0.000,1.000,0.000,0.000,0.000,0.000,0.000,0.000,0.000,0.000,"",
31.465,Right,-3.795,-0.279,-1.239,0.000,1.000,0.000,0.000,0.000,0.000,0.000,0.000,0.000,0.000,"",
31.479,Right,-3.795,-0.279,-1.239,0.000,1.000,0.000,0.000,0.000,0.000,0.000,0.000,0.000,0.000,"",
31.492,Right,-3.795,-0.279,-1.239,0.000,1.000,0.000,0.000,0.000,0.000,0.000,0.000,0.000,0.000,"",
31.507,Right,-3.795,-0.279,-1.239,0.000,1.000,0.000,0.000,0.000,0.000,0.000,0.000,0.000,0.000,"",
31.521,Right,-3.795,-0.279,-1.239,0.000,1.000,0.000,0.000,0.000,0.000,0.000,0.000,0.000,0.000,"",
31.536,Right,-3.795,-0.279,-1.239,0.000,1.000,0.000,0.000,0.000,0.000,0.000,0.000,0.000,0.000,"",
31.548,Right,-3.795,-0.279,-1.239,0.000,1.000,0.000,0.000,0.000,0.000,0.000,0.000,0.000,0.000,"",
31.564,Right,-3.795,-0.279,-1.239,0.000,1.000,0.000,0.000,0.000,0.000,0.000,0.000,0.000,0.000,"",
31.577,Right,-3.795,-0.279,-1.239,0.000,1.000,0.000,0.000,0.000,0.000,0.000,0.000,0.000,0.000,"",
31.590,Right,-3.795,-0.279,-1.239,0.000,1.000,0.000,0.000,0.000,0.000,0.000,0.000,0.000,0.000,"",
31.605,Right,-3.795,-0.279,-1.239,0.000,1.000,0.000,0.000,0.000,0.000,0.000,0.000,0.000,0.000,"",
31.618,Right,-3.795,-0.279,-1.239,0.000,1.000,0.000,0.000,0.000,0.000,0.000,0.000,0.000,0.000,"",
31.632,Right,-3.795,-0.279,-1.239,0.000,1.000,0.000,0.000,0.000,0.000,0.000,0.000,0.000,0.000,"",
31.646,Right,-3.795,-0.279,-1.239,0.000,1.000,0.000,0.000,0.000,0.000,0.000,0.000,0.000,0.000,"",
31.660,Right,-3.795,-0.279,-1.239,0.000,1.000,0.000,0.000,0.000,0.000,0.000,0.000,0.000,0.000,"",
31.674,Right,-3.795,-0.279,-1.239,0.000,1.000,0.000,0.000,0.000,0.000,0.000,0.000,0.000,0.000,"",
31.687,Right,-3.795,-0.279,-1.239,0.000,1.000,0.000,0.000,0.000,0.000,0.000,0.000,0.000,0.000,"",
31.702,Right,-3.795,-0.279,-1.239,0.000,1.000,0.000,0.000,0.000,0.000,0.000,0.000,0.000,0.000,"",
31.715,Right,-3.795,-0.279,-1.239,0.000,1.000,0.000,0.000,0.000,0.000,0.000,0.000,0.000,0.000,"",
31.728,Right,-3.795,-0.279,-1.239,0.000,1.000,0.000,0.000,0.000,0.000,0.000,0.000,0.000,0.000,"",
31.743,Right,-3.795,-0.279,-1.239,0.000,1.000,0.000,0.000,0.000,0.000,0.000,0.000,0.000,0.000,"",
31.757,Right,-3.795,-0.279,-1.239,0.000,1.000,0.000,0.000,0.000,0.000,0.000,0.000,0.000,0.000,"",
31.770,Right,-3.795,-0.279,-1.239,0.000,1.000,0.000,0.000,0.000,0.000,0.000,0.000,0.000,0.000,"",
31.786,Right,-3.795,-0.279,-1.239,0.000,1.000,0.000,0.000,0.000,0.000,0.000,0.000,0.000,0.000,"",
31.800,Right,-3.795,-0.279,-1.239,0.000,1.000,0.000,0.000,0.000,0.000,0.000,0.000,0.000,0.000,"",
31.813,Right,-3.795,-0.279,-1.239,0.000,1.000,0.000,0.000,0.000,0.000,0.000,0.000,0.000,0.000,"",
31.827,Right,-3.795,-0.279,-1.239,0.000,1.000,0.000,0.000,0.000,0.000,0.000,0.000,0.000,0.000,"",
31.841,Right,-3.795,-0.279,-1.239,0.000,1.000,0.000,0.000,0.000,0.000,0.000,0.000,0.000,0.000,"",
31.854,Right,-3.795,-0.279,-1.239,0.000,1.000,0.000,0.000,0.000,0.000,0.000,0.000,0.000,0.000,"",
31.866,Right,-3.795,-0.279,-1.239,0.000,1.000,0.000,0.000,0.000,0.000,0.000,0.000,0.000,0.000,"",
31.882,Right,-3.795,-0.279,-1.239,0.000,1.000,0.000,0.000,0.000,0.000,0.000,0.000,0.000,0.000,"",
31.896,Right,-3.795,-0.279,-1.239,0.000,1.000,0.000,0.000,0.000,0.000,0.000,0.000,0.000,0.000,"",
31.909,Right,-3.795,-0.279,-1.239,0.000,1.000,0.000,0.000,0.000,0.000,0.000,0.000,0.000,0.000,"",
31.923,Right,-3.795,-0.279,-1.239,0.000,1.000,0.000,0.000,0.000,0.000,0.000,0.000,0.000,0.000,"",
31.938,Right,-3.795,-0.279,-1.239,0.000,1.000,0.000,0.000,0.000,0.000,0.000,0.000,0.000,0.000,"",
31.951,Right,-3.795,-0.279,-1.239,0.000,1.000,0.000,0.000,0.000,0.000,0.000,0.000,0.000,0.000,"",
31.966,Right,-3.795,-0.279,-1.239,0.000,1.000,0.000,0.000,0.000,0.000,0.000,0.000,0.000,0.000,"",
31.980,Right,-3.795,-0.279,-1.239,0.000,1.000,0.000,0.000,0.000,0.000,0.000,0.000,0.000,0.000,"",
31.993,Right,-3.795,-0.279,-1.239,0.000,1.000,0.000,0.000,0.000,0.000,0.000,0.000,0.000,0.000,"",
32.007,Right,-3.795,-0.279,-1.239,0.000,1.000,0.000,0.000,0.000,0.000,0.000,0.000,0.000,0.000,"",
32.022,Right,-3.795,-0.279,-1.239,0.000,1.000,0.000,0.000,0.000,0.000,0.000,0.000,0.000,0.000,"",
32.035,Right,-3.795,-0.279,-1.239,0.000,1.000,0.000,0.000,0.000,0.000,0.000,0.000,0.000,0.000,"",
32.049,Right,-3.795,-0.279,-1.239,0.000,1.000,0.000,0.000,0.000,0.000,0.000,0.000,0.000,0.000,"",
32.063,Right,-3.795,-0.279,-1.239,0.000,1.000,0.000,0.000,0.000,0.000,0.000,0.000,0.000,0.000,"",
32.077,Right,-3.795,-0.279,-1.239,0.000,1.000,0.000,0.000,0.000,0.000,0.000,0.000,0.000,0.000,"",
32.090,Right,-3.795,-0.279,-1.239,0.000,1.000,0.000,0.000,0.000,0.000,0.000,0.000,0.000,0.000,"",
32.106,Right,-3.795,-0.279,-1.239,0.000,1.000,0.000,0.000,0.000,0.000,0.000,0.000,0.000,0.000,"",
32.119,Right,-3.795,-0.279,-1.239,0.000,1.000,0.000,0.000,0.000,0.000,0.000,0.000,0.000,0.000,"",
32.132,Right,-3.795,-0.279,-1.239,0.000,1.000,0.000,0.000,0.000,0.000,0.000,0.000,0.000,0.000,"",
32.147,Right,-3.795,-0.279,-1.239,0.000,1.000,0.000,0.000,0.000,0.000,0.000,0.000,0.000,0.000,"",
32.161,Right,-3.795,-0.279,-1.239,0.000,1.000,0.000,0.000,0.000,0.000,0.000,0.000,0.000,0.000,"",
32.175,Right,-3.795,-0.279,-1.239,0.000,1.000,0.000,0.000,0.000,0.000,0.000,0.000,0.000,0.000,"",
32.188,Right,-3.795,-0.279,-1.239,0.000,1.000,0.000,0.000,0.000,0.000,0.000,0.000,0.000,0.000,"",
32.203,Right,-3.795,-0.279,-1.239,0.000,1.000,0.000,0.000,0.000,0.000,0.000,0.000,0.000,0.000,"",
32.217,Right,-3.795,-0.279,-1.239,0.000,1.000,0.000,0.000,0.000,0.000,0.000,0.000,0.000,0.000,"",
32.231,Right,-3.795,-0.279,-1.239,0.000,1.000,0.000,0.000,0.000,0.000,0.000,0.000,0.000,0.000,"",
32.244,Right,-3.795,-0.279,-1.239,0.000,1.000,0.000,0.000,0.000,0.000,0.000,0.000,0.000,0.000,"",
32.258,Right,-3.795,-0.279,-1.239,0.000,1.000,0.000,0.000,0.000,0.000,0.000,0.000,0.000,0.000,"",
32.272,Right,-3.795,-0.279,-1.239,0.000,1.000,0.000,0.000,0.000,0.000,0.000,0.000,0.000,0.000,"",
32.286,Right,-3.795,-0.279,-1.239,0.000,1.000,0.000,0.000,0.000,0.000,0.000,0.000,0.000,0.000,"",
32.299,Right,-3.795,-0.279,-1.239,0.000,1.000,0.000,0.000,0.000,0.000,0.000,0.000,0.000,0.000,"",
32.312,Right,-3.795,-0.279,-1.239,0.000,1.000,0.000,0.000,0.000,0.000,0.000,0.000,0.000,0.000,"",
32.328,Right,-3.795,-0.279,-1.239,0.000,1.000,0.000,0.000,0.000,0.000,0.000,0.000,0.000,0.000,"",
32.342,Right,-3.795,-0.279,-1.239,0.000,1.000,0.000,0.000,0.000,0.000,0.000,0.000,0.000,0.000,"",
32.356,Right,-3.795,-0.279,-1.239,0.000,1.000,0.000,0.000,0.000,0.000,0.000,0.000,0.000,0.000,"",
32.368,Right,-3.795,-0.279,-1.239,0.000,1.000,0.000,0.000,0.000,0.000,0.000,0.000,0.000,0.000,"",
32.383,Right,-3.795,-0.279,-1.239,0.000,1.000,0.000,0.000,0.000,0.000,0.000,0.000,0.000,0.000,"",
32.398,Right,-3.795,-0.279,-1.239,0.000,1.000,0.000,0.000,0.000,0.000,0.000,0.000,0.000,0.000,"",
32.411,Right,-3.795,-0.279,-1.239,0.000,1.000,0.000,0.000,0.000,0.000,0.000,0.000,0.000,0.000,"",
32.425,Right,-3.795,-0.279,-1.239,0.000,1.000,0.000,0.000,0.000,0.000,0.000,0.000,0.000,0.000,"",
32.440,Right,-3.795,-0.279,-1.239,0.000,1.000,0.000,0.000,0.000,0.000,0.000,0.000,0.000,0.000,"",
32.452,Right,-3.795,-0.279,-1.239,0.000,1.000,0.000,0.000,0.000,0.000,0.000,0.000,0.000,0.000,"",
32.468,Right,-3.795,-0.279,-1.239,0.000,1.000,0.000,0.000,0.000,0.000,0.000,0.000,0.000,0.000,"",
32.481,Right,-3.795,-0.279,-1.239,0.000,1.000,0.000,0.000,0.000,0.000,0.000,0.000,0.000,0.000,"",
32.495,Right,-3.795,-0.279,-1.239,0.000,1.000,0.000,0.000,0.000,0.000,0.000,0.000,0.000,0.000,"",
32.507,Right,-3.795,-0.279,-1.239,0.000,1.000,0.000,0.000,0.000,0.000,0.000,0.000,0.000,0.000,"",
32.523,Right,-3.795,-0.279,-1.239,0.000,1.000,0.000,0.000,0.000,0.000,0.000,0.000,0.000,0.000,"",
32.538,Right,-3.795,-0.279,-1.239,0.000,1.000,0.000,0.000,0.000,0.000,0.000,0.000,0.000,0.000,"",
32.550,Right,-3.795,-0.279,-1.239,0.000,1.000,0.000,0.000,0.000,0.000,0.000,0.000,0.000,0.000,"",
32.565,Right,-3.795,-0.279,-1.239,0.000,1.000,0.000,0.000,0.000,0.000,0.000,0.000,0.000,0.000,"",
32.579,Right,-3.795,-0.279,-1.239,0.000,1.000,0.000,0.000,0.000,0.000,0.000,0.000,0.000,0.000,"",
32.591,Right,-3.795,-0.279,-1.239,0.000,1.000,0.000,0.000,0.000,0.000,0.000,0.000,0.000,0.000,"",
32.606,Right,-3.795,-0.279,-1.239,0.000,1.000,0.000,0.000,0.000,0.000,0.000,0.000,0.000,0.000,"",
32.620,Right,-3.795,-0.279,-1.239,0.000,1.000,0.000,0.000,0.000,0.000,0.000,0.000,0.000,0.000,"",
32.634,Right,-3.795,-0.279,-1.239,0.000,1.000,0.000,0.000,0.000,0.000,0.000,0.000,0.000,0.000,"",
32.648,Right,-3.795,-0.279,-1.239,0.000,1.000,0.000,0.000,0.000,0.000,0.000,0.000,0.000,0.000,"",
32.662,Right,-3.795,-0.279,-1.239,0.000,1.000,0.000,0.000,0.000,0.000,0.000,0.000,0.000,0.000,"",
32.676,Right,-3.795,-0.279,-1.239,0.000,1.000,0.000,0.000,0.000,0.000,0.000,0.000,0.000,0.000,"",
32.689,Right,-3.795,-0.279,-1.239,0.000,1.000,0.000,0.000,0.000,0.000,0.000,0.000,0.000,0.000,"",
32.704,Right,-3.795,-0.279,-1.239,0.000,1.000,0.000,0.000,0.000,0.000,0.000,0.000,0.000,0.000,"",
32.717,Right,-3.795,-0.279,-1.239,0.000,1.000,0.000,0.000,0.000,0.000,0.000,0.000,0.000,0.000,"",
32.731,Right,-3.795,-0.279,-1.239,0.000,1.000,0.000,0.000,0.000,0.000,0.000,0.000,0.000,0.000,"",
32.746,Right,-3.795,-0.279,-1.239,0.000,1.000,0.000,0.000,0.000,0.000,0.000,0.000,0.000,0.000,"",
32.760,Right,-3.795,-0.279,-1.239,0.000,1.000,0.000,0.000,0.000,0.000,0.000,0.000,0.000,0.000,"",
32.774,Right,-3.795,-0.279,-1.239,0.000,1.000,0.000,0.000,0.000,0.000,0.000,0.000,0.000,0.000,"",
32.786,Right,-3.795,-0.279,-1.239,0.000,1.000,0.000,0.000,0.000,0.000,0.000,0.000,0.000,0.000,"",
32.801,Right,-3.795,-0.279,-1.239,0.000,1.000,0.000,0.000,0.000,0.000,0.000,0.000,0.000,0.000,"",
32.816,Right,-3.795,-0.279,-1.239,0.000,1.000,0.000,0.000,0.000,0.000,0.000,0.000,0.000,0.000,"",
32.828,Right,-3.795,-0.279,-1.239,0.000,1.000,0.000,0.000,0.000,0.000,0.000,0.000,0.000,0.000,"",
32.844,Right,-3.795,-0.279,-1.239,0.000,1.000,0.000,0.000,0.000,0.000,0.000,0.000,0.000,0.000,"",
32.858,Right,-3.795,-0.279,-1.239,0.000,1.000,0.000,0.000,0.000,0.000,0.000,0.000,0.000,0.000,"",
32.870,Right,-3.795,-0.279,-1.239,0.000,1.000,0.000,0.000,0.000,0.000,0.000,0.000,0.000,0.000,"",
32.884,Right,-3.795,-0.279,-1.239,0.000,1.000,0.000,0.000,0.000,0.000,0.000,0.000,0.000,0.000,"",
32.899,Right,-3.795,-0.279,-1.239,0.000,1.000,0.000,0.000,0.000,0.000,0.000,0.000,0.000,0.000,"",
32.912,Right,-3.795,-0.279,-1.239,0.000,1.000,0.000,0.000,0.000,0.000,0.000,0.000,0.000,0.000,"",
32.927,Right,-3.795,-0.279,-1.239,0.000,1.000,0.000,0.000,0.000,0.000,0.000,0.000,0.000,0.000,"",
32.942,Right,-3.795,-0.279,-1.239,0.000,1.000,0.000,0.000,0.000,0.000,0.000,0.000,0.000,0.000,"",
32.956,Right,-3.795,-0.279,-1.239,0.000,1.000,0.000,0.000,0.000,0.000,0.000,0.000,0.000,0.000,"",
32.969,Right,-3.795,-0.279,-1.239,0.000,1.000,0.000,0.000,0.000,0.000,0.000,0.000,0.000,0.000,"",
32.984,Right,-3.795,-0.279,-1.239,0.000,1.000,0.000,0.000,0.000,0.000,0.000,0.000,0.000,0.000,"",
32.996,Right,-3.795,-0.279,-1.239,0.000,1.000,0.000,0.000,0.000,0.000,0.000,0.000,0.000,0.000,"",
33.008,Right,-3.795,-0.279,-1.239,0.000,1.000,0.000,0.000,0.000,0.000,0.000,0.000,0.000,0.000,"",
33.025,Right,-3.795,-0.279,-1.239,0.000,1.000,0.000,0.000,0.000,0.000,0.000,0.000,0.000,0.000,"",
33.037,Right,-3.795,-0.279,-1.239,0.000,1.000,0.000,0.000,0.000,0.000,0.000,0.000,0.000,0.000,"",
33.050,Right,-3.795,-0.279,-1.239,0.000,1.000,0.000,0.000,0.000,0.000,0.000,0.000,0.000,0.000,"",
33.065,Right,-3.795,-0.279,-1.239,0.000,1.000,0.000,0.000,0.000,0.000,0.000,0.000,0.000,0.000,"",
33.079,Right,-3.795,-0.279,-1.239,0.000,1.000,0.000,0.000,0.000,0.000,0.000,0.000,0.000,0.000,"",
33.092,Right,-3.795,-0.279,-1.239,0.000,1.000,0.000,0.000,0.000,0.000,0.000,0.000,0.000,0.000,"",
33.107,Right,-3.795,-0.279,-1.239,0.000,1.000,0.000,0.000,0.000,0.000,0.000,0.000,0.000,0.000,"",
33.122,Right,-3.795,-0.279,-1.239,0.000,1.000,0.000,0.000,0.000,0.000,0.000,0.000,0.000,0.000,"",
33.135,Right,-3.795,-0.279,-1.239,0.000,1.000,0.000,0.000,0.000,0.000,0.000,0.000,0.000,0.000,"",
33.149,Right,-3.795,-0.279,-1.239,0.000,1.000,0.000,0.000,0.000,0.000,0.000,0.000,0.000,0.000,"",
33.163,Right,-3.795,-0.279,-1.239,0.000,1.000,0.000,0.000,0.000,0.000,0.000,0.000,0.000,0.000,"",
33.177,Right,-3.795,-0.279,-1.239,0.000,1.000,0.000,0.000,0.000,0.000,0.000,0.000,0.000,0.000,"",
33.190,Right,-3.795,-0.279,-1.239,0.000,1.000,0.000,0.000,0.000,0.000,0.000,0.000,0.000,0.000,"",
33.205,Right,-3.795,-0.279,-1.239,0.000,1.000,0.000,0.000,0.000,0.000,0.000,0.000,0.000,0.000,"",
33.219,Right,-3.795,-0.279,-1.239,0.000,1.000,0.000,0.000,0.000,0.000,0.000,0.000,0.000,0.000,"",
33.232,Right,-3.795,-0.279,-1.239,0.000,1.000,0.000,0.000,0.000,0.000,0.000,0.000,0.000,0.000,"",
33.247,Right,-3.795,-0.279,-1.239,0.000,1.000,0.000,0.000,0.000,0.000,0.000,0.000,0.000,0.000,"",
33.261,Right,-3.795,-0.279,-1.239,0.000,1.000,0.000,0.000,0.000,0.000,0.000,0.000,0.000,0.000,"",
33.275,Right,-3.795,-0.279,-1.239,0.000,1.000,0.000,0.000,0.000,0.000,0.000,0.000,0.000,0.000,"",
33.287,Right,-3.795,-0.279,-1.239,0.000,1.000,0.000,0.000,0.000,0.000,0.000,0.000,0.000,0.000,"",
33.302,Right,-3.795,-0.279,-1.239,0.000,1.000,0.000,0.000,0.000,0.000,0.000,0.000,0.000,0.000,"",
33.316,Right,-3.795,-0.279,-1.239,0.000,1.000,0.000,0.000,0.000,0.000,0.000,0.000,0.000,0.000,"",
33.329,Right,-3.795,-0.279,-1.239,0.000,1.000,0.000,0.000,0.000,0.000,0.000,0.000,0.000,0.000,"",
33.344,Right,-3.795,-0.279,-1.239,0.000,1.000,0.000,0.000,0.000,0.000,0.000,0.000,0.000,0.000,"",
33.358,Right,-3.795,-0.279,-1.239,0.000,1.000,0.000,0.000,0.000,0.000,0.000,0.000,0.000,0.000,"",
33.371,Right,-3.795,-0.279,-1.239,0.000,1.000,0.000,0.000,0.000,0.000,0.000,0.000,0.000,0.000,"",
33.386,Right,-3.795,-0.279,-1.239,0.000,1.000,0.000,0.000,0.000,0.000,0.000,0.000,0.000,0.000,"",
33.401,Right,-3.795,-0.279,-1.239,0.000,1.000,0.000,0.000,0.000,0.000,0.000,0.000,0.000,0.000,"",
33.414,Right,-3.795,-0.279,-1.239,0.000,1.000,0.000,0.000,0.000,0.000,0.000,0.000,0.000,0.000,"",
33.426,Right,-3.795,-0.279,-1.239,0.000,1.000,0.000,0.000,0.000,0.000,0.000,0.000,0.000,0.000,"",
33.442,Right,-3.795,-0.279,-1.239,0.000,1.000,0.000,0.000,0.000,0.000,0.000,0.000,0.000,0.000,"",
33.456,Right,-3.795,-0.279,-1.239,0.000,1.000,0.000,0.000,0.000,0.000,0.000,0.000,0.000,0.000,"",
33.468,Right,-3.795,-0.279,-1.239,0.000,1.000,0.000,0.000,0.000,0.000,0.000,0.000,0.000,0.000,"",
33.483,Right,-3.795,-0.279,-1.239,0.000,1.000,0.000,0.000,0.000,0.000,0.000,0.000,0.000,0.000,"",
33.497,Right,-3.795,-0.279,-1.239,0.000,1.000,0.000,0.000,0.000,0.000,0.000,0.000,0.000,0.000,"",
33.511,Right,-3.795,-0.279,-1.239,0.000,1.000,0.000,0.000,0.000,0.000,0.000,0.000,0.000,0.000,"",
33.525,Right,-3.795,-0.279,-1.239,0.000,1.000,0.000,0.000,0.000,0.000,0.000,0.000,0.000,0.000,"",
33.539,Right,-3.795,-0.279,-1.239,0.000,1.000,0.000,0.000,0.000,0.000,0.000,0.000,0.000,0.000,"",
33.552,Right,-3.795,-0.279,-1.239,0.000,1.000,0.000,0.000,0.000,0.000,0.000,0.000,0.000,0.000,"",
33.568,Right,-3.795,-0.279,-1.239,0.000,1.000,0.000,0.000,0.000,0.000,0.000,0.000,0.000,0.000,"",
33.581,Right,-3.795,-0.279,-1.239,0.000,1.000,0.000,0.000,0.000,0.000,0.000,0.000,0.000,0.000,"",
33.595,Right,-3.795,-0.279,-1.239,0.000,1.000,0.000,0.000,0.000,0.000,0.000,0.000,0.000,0.000,"",
33.609,Right,-3.795,-0.279,-1.239,0.000,1.000,0.000,0.000,0.000,0.000,0.000,0.000,0.000,0.000,"",
33.623,Right,-3.795,-0.279,-1.239,0.000,1.000,0.000,0.000,0.000,0.000,0.000,0.000,0.000,0.000,"",
33.638,Right,-3.795,-0.279,-1.239,0.000,1.000,0.000,0.000,0.000,0.000,0.000,0.000,0.000,0.000,"",
33.650,Right,-3.795,-0.279,-1.239,0.000,1.000,0.000,0.000,0.000,0.000,0.000,0.000,0.000,0.000,"",
33.665,Right,-3.795,-0.279,-1.239,0.000,1.000,0.000,0.000,0.000,0.000,0.000,0.000,0.000,0.000,"",
33.679,Right,-3.795,-0.279,-1.239,0.000,1.000,0.000,0.000,0.000,0.000,0.000,0.000,0.000,0.000,"",
33.692,Right,-3.795,-0.279,-1.239,0.000,1.000,0.000,0.000,0.000,0.000,0.000,0.000,0.000,0.000,"",
33.707,Right,-3.795,-0.279,-1.239,0.000,1.000,0.000,0.000,0.000,0.000,0.000,0.000,0.000,0.000,"",
33.720,Right,-3.795,-0.279,-1.239,0.000,1.000,0.000,0.000,0.000,0.000,0.000,0.000,0.000,0.000,"",
33.735,Right,-3.795,-0.279,-1.239,0.000,1.000,0.000,0.000,0.000,0.000,0.000,0.000,0.000,0.000,"",
33.750,Right,-3.795,-0.279,-1.239,0.000,1.000,0.000,0.000,0.000,0.000,0.000,0.000,0.000,0.000,"",
33.764,Right,-3.795,-0.279,-1.239,0.000,1.000,0.000,0.000,0.000,0.000,0.000,0.000,0.000,0.000,"",
33.779,Right,-3.795,-0.279,-1.239,0.000,1.000,0.000,0.000,0.000,0.000,0.000,0.000,0.000,0.000,"",
33.793,Right,-3.795,-0.279,-1.239,0.000,1.000,0.000,0.000,0.000,0.000,0.000,0.000,0.000,0.000,"",
33.809,Right,-3.795,-0.279,-1.239,0.000,1.000,0.000,0.000,0.000,0.000,0.000,0.000,0.000,0.000,"",
33.823,Right,-3.795,-0.279,-1.239,0.000,1.000,0.000,0.000,0.000,0.000,0.000,0.000,0.000,0.000,"",
33.839,Right,-3.795,-0.279,-1.239,0.000,1.000,0.000,0.000,0.000,0.000,0.000,0.000,0.000,0.000,"",
33.852,Right,-3.795,-0.279,-1.239,0.000,1.000,0.000,0.000,0.000,0.000,0.000,0.000,0.000,0.000,"",
33.868,Right,-3.795,-0.279,-1.239,0.000,1.000,0.000,0.000,0.000,0.000,0.000,0.000,0.000,0.000,"",
33.883,Right,-3.795,-0.279,-1.239,0.000,1.000,0.000,0.000,0.000,0.000,0.000,0.000,0.000,0.000,"",
33.898,Right,-3.795,-0.279,-1.239,0.000,1.000,0.000,0.000,0.000,0.000,0.000,0.000,0.000,0.000,"",
33.911,Right,-3.795,-0.279,-1.239,0.000,1.000,0.000,0.000,0.000,0.000,0.000,0.000,0.000,0.000,"",
33.928,Right,-3.795,-0.279,-1.239,0.000,1.000,0.000,0.000,0.000,0.000,0.000,0.000,0.000,0.000,"",
33.957,Right,-3.795,-0.279,-1.239,0.000,1.000,0.000,0.000,0.000,0.000,0.000,0.000,0.000,0.000,"",
33.984,Right,-3.795,-0.279,-1.239,0.000,1.000,0.000,0.000,0.000,0.000,0.000,0.000,0.000,0.000,"",
34.013,Right,-3.795,-0.279,-1.239,0.000,1.000,0.000,0.000,0.000,0.000,0.000,0.000,0.000,0.000,"",
34.040,Right,-3.795,-0.279,-1.239,0.000,1.000,0.000,0.000,0.000,0.000,0.000,0.000,0.000,0.000,"",
34.067,Right,-3.795,-0.279,-1.239,0.000,1.000,0.000,0.000,0.000,0.000,0.000,0.000,0.000,0.000,"",
34.095,Right,-3.795,-0.279,-1.239,0.000,1.000,0.000,0.000,0.000,0.000,0.000,0.000,0.000,0.000,"",
34.126,Right,-3.795,-0.279,-1.239,0.000,1.000,0.000,0.000,0.000,0.000,0.000,0.000,0.000,0.000,"",
34.149,Right,-3.795,-0.279,-1.239,0.000,1.000,0.000,0.000,0.000,0.000,0.000,0.000,0.000,0.000,"",
34.180,Right,-3.795,-0.279,-1.239,0.000,1.000,0.000,0.000,0.000,0.000,0.000,0.000,0.000,0.000,"",
34.203,Right,-3.795,-0.279,-1.239,0.000,1.000,0.000,0.000,0.000,0.000,0.000,0.000,0.000,0.000,"",
34.219,Right,-3.795,-0.279,-1.239,0.000,1.000,0.000,0.000,0.000,0.000,0.000,0.000,0.000,0.000,"",
34.244,Right,-3.795,-0.279,-1.239,0.000,1.000,0.000,0.000,0.000,0.000,0.000,0.000,0.000,0.000,"",
34.260,Right,-3.795,-0.279,-1.239,0.000,1.000,0.000,0.000,0.000,0.000,0.000,0.000,0.000,0.000,"",
34.279,Right,-3.795,-0.279,-1.239,0.000,1.000,0.000,0.000,0.000,0.000,0.000,0.000,0.000,0.000,"",
34.301,Right,-3.795,-0.279,-1.239,0.000,1.000,0.000,0.000,0.000,0.000,0.000,0.000,0.000,0.000,"",
34.317,Right,-3.795,-0.279,-1.239,0.000,1.000,0.000,0.000,0.000,0.000,0.000,0.000,0.000,0.000,"",
34.342,Right,-3.795,-0.279,-1.239,0.000,1.000,0.000,0.000,0.000,0.000,0.000,0.000,0.000,0.000,"",
34.358,Right,-3.795,-0.279,-1.239,0.000,1.000,0.000,0.000,0.000,0.000,0.000,0.000,0.000,0.000,"",
34.384,Right,-3.795,-0.279,-1.239,0.000,1.000,0.000,0.000,0.000,0.000,0.000,0.000,0.000,0.000,"",
34.400,Right,-3.795,-0.279,-1.239,0.000,1.000,0.000,0.000,0.000,0.000,0.000,0.000,0.000,0.000,"",
34.428,Right,-3.795,-0.279,-1.239,0.000,1.000,0.000,0.000,0.000,0.000,0.000,0.000,0.000,0.000,"",
34.443,Right,-3.795,-0.279,-1.239,0.000,1.000,0.000,0.000,0.000,0.000,0.000,0.000,0.000,0.000,"",
34.468,Right,-3.795,-0.279,-1.239,0.000,1.000,0.000,0.000,0.000,0.000,0.000,0.000,0.000,0.000,"",
34.484,Right,-3.795,-0.279,-1.239,0.000,1.000,0.000,0.000,0.000,0.000,0.000,0.000,0.000,0.000,"",
34.498,Right,-3.795,-0.279,-1.239,0.000,1.000,0.000,0.000,0.000,0.000,0.000,0.000,0.000,0.000,"",
34.512,Right,-3.795,-0.279,-1.239,0.000,1.000,0.000,0.000,0.000,0.000,0.000,0.000,0.000,0.000,"",
34.527,Right,-3.795,-0.279,-1.239,0.000,1.000,0.000,0.000,0.000,0.000,0.000,0.000,0.000,0.000,"",
34.551,Right,-3.795,-0.279,-1.239,0.000,1.000,0.000,0.000,0.000,0.000,0.000,0.000,0.000,0.000,"",
34.566,Right,-3.795,-0.279,-1.239,0.000,1.000,0.000,0.000,0.000,0.000,0.000,0.000,0.000,0.000,"",
34.582,Right,-3.795,-0.279,-1.239,0.000,1.000,0.000,0.000,0.000,0.000,0.000,0.000,0.000,0.000,"",
34.597,Right,-3.795,-0.279,-1.239,0.000,1.000,0.000,0.000,0.000,0.000,0.000,0.000,0.000,0.000,"",
34.622,Right,-3.795,-0.279,-1.239,0.000,1.000,0.000,0.000,0.000,0.000,0.000,0.000,0.000,0.000,"",
34.638,Right,-3.795,-0.279,-1.239,0.000,1.000,0.000,0.000,0.000,0.000,0.000,0.000,0.000,0.000,"",
34.663,Right,-3.795,-0.279,-1.239,0.000,1.000,0.000,0.000,0.000,0.000,0.000,0.000,0.000,0.000,"",
34.679,Right,-3.795,-0.279,-1.239,0.000,1.000,0.000,0.000,0.000,0.000,0.000,0.000,0.000,0.000,"",
34.693,Right,-3.795,-0.279,-1.239,0.000,1.000,0.000,0.000,0.000,0.000,0.000,0.000,0.000,0.000,"",
34.708,Right,-3.795,-0.279,-1.239,0.000,1.000,0.000,0.000,0.000,0.000,0.000,0.000,0.000,0.000,"",
34.735,Right,-3.795,-0.279,-1.239,0.000,1.000,0.000,0.000,0.000,0.000,0.000,0.000,0.000,0.000,"",
34.750,Right,-3.795,-0.279,-1.239,0.000,1.000,0.000,0.000,0.000,0.000,0.000,0.000,0.000,0.000,"",
34.774,Right,-3.795,-0.279,-1.239,0.000,1.000,0.000,0.000,0.000,0.000,0.000,0.000,0.000,0.000,"",
34.788,Right,-3.795,-0.279,-1.239,0.000,1.000,0.000,0.000,0.000,0.000,0.000,0.000,0.000,0.000,"",
34.801,Right,-3.795,-0.279,-1.239,0.000,1.000,0.000,0.000,0.000,0.000,0.000,0.000,0.000,0.000,"",
34.816,Right,-3.795,-0.279,-1.239,0.000,1.000,0.000,0.000,0.000,0.000,0.000,0.000,0.000,0.000,"",
34.829,Right,-3.795,-0.279,-1.239,0.000,1.000,0.000,0.000,0.000,0.000,0.000,0.000,0.000,0.000,"",
34.844,Right,-3.795,-0.279,-1.239,0.000,1.000,0.000,0.000,0.000,0.000,0.000,0.000,0.000,0.000,"",
34.858,Right,-3.795,-0.279,-1.239,0.000,1.000,0.000,0.000,0.000,0.000,0.000,0.000,0.000,0.000,"",
34.871,Right,-3.795,-0.279,-1.239,0.000,1.000,0.000,0.000,0.000,0.000,0.000,0.000,0.000,0.000,"",
34.887,Right,-3.795,-0.279,-1.239,0.000,1.000,0.000,0.000,0.000,0.000,0.000,0.000,0.000,0.000,"",
34.900,Right,-3.795,-0.279,-1.239,0.000,1.000,0.000,0.000,0.000,0.000,0.000,0.000,0.000,0.000,"",
34.917,Right,-3.795,-0.279,-1.239,0.000,1.000,0.000,0.000,0.000,0.000,0.000,0.000,0.000,0.000,"",
34.930,Right,-3.795,-0.279,-1.239,0.000,1.000,0.000,0.000,0.000,0.000,0.000,0.000,0.000,0.000,"",
34.942,Right,-3.795,-0.279,-1.239,0.000,1.000,0.000,0.000,0.000,0.000,0.000,0.000,0.000,0.000,"",
34.955,Right,-3.795,-0.279,-1.239,0.000,1.000,0.000,0.000,0.000,0.000,0.000,0.000,0.000,0.000,"",
34.968,Right,-3.795,-0.279,-1.239,0.000,1.000,0.000,0.000,0.000,0.000,0.000,0.000,0.000,0.000,"",
34.983,Right,-3.795,-0.279,-1.239,0.000,1.000,0.000,0.000,0.000,0.000,0.000,0.000,0.000,0.000,"",
34.998,Right,-3.795,-0.279,-1.239,0.000,1.000,0.000,0.000,0.000,0.000,0.000,0.000,0.000,0.000,"",
35.011,Right,-3.795,-0.279,-1.239,0.000,1.000,0.000,0.000,0.000,0.000,0.000,0.000,0.000,0.000,"",
35.026,Right,-3.795,-0.279,-1.239,0.000,1.000,0.000,0.000,0.000,0.000,0.000,0.000,0.000,0.000,"",
35.040,Right,-3.795,-0.279,-1.239,0.000,1.000,0.000,0.000,0.000,0.000,0.000,0.000,0.000,0.000,"",
35.052,Right,-3.795,-0.279,-1.239,0.000,1.000,0.000,0.000,0.000,0.000,0.000,0.000,0.000,0.000,"",
35.068,Right,-3.795,-0.279,-1.239,0.000,1.000,0.000,0.000,0.000,0.000,0.000,0.000,0.000,0.000,"",
35.082,Right,-3.795,-0.279,-1.239,0.000,1.000,0.000,0.000,0.000,0.000,0.000,0.000,0.000,0.000,"",
35.097,Right,-3.795,-0.279,-1.239,0.000,1.000,0.000,0.000,0.000,0.000,0.000,0.000,0.000,0.000,"",
35.111,Right,-3.795,-0.279,-1.239,0.000,1.000,0.000,0.000,0.000,0.000,0.000,0.000,0.000,0.000,"",
35.126,Right,-3.795,-0.279,-1.239,0.000,1.000,0.000,0.000,0.000,0.000,0.000,0.000,0.000,0.000,"",
35.139,Right,-3.795,-0.279,-1.239,0.000,1.000,0.000,0.000,0.000,0.000,0.000,0.000,0.000,0.000,"",
35.151,Right,-3.795,-0.279,-1.239,0.000,1.000,0.000,0.000,0.000,0.000,0.000,0.000,0.000,0.000,"",
35.167,Right,-3.795,-0.279,-1.239,0.000,1.000,0.000,0.000,0.000,0.000,0.000,0.000,0.000,0.000,"",
35.181,Right,-3.795,-0.279,-1.239,0.000,1.000,0.000,0.000,0.000,0.000,0.000,0.000,0.000,0.000,"",
35.195,Right,-3.795,-0.279,-1.239,0.000,1.000,0.000,0.000,0.000,0.000,0.000,0.000,0.000,0.000,"",
35.208,Right,-3.795,-0.279,-1.239,0.000,1.000,0.000,0.000,0.000,0.000,0.000,0.000,0.000,0.000,"",
35.222,Right,-3.795,-0.279,-1.239,0.000,1.000,0.000,0.000,0.000,0.000,0.000,0.000,0.000,0.000,"",
35.237,Right,-3.795,-0.279,-1.239,0.000,1.000,0.000,0.000,0.000,0.000,0.000,0.000,0.000,0.000,"",
35.249,Right,-3.795,-0.279,-1.239,0.000,1.000,0.000,0.000,0.000,0.000,0.000,0.000,0.000,0.000,"",
35.264,Right,-3.795,-0.279,-1.239,0.000,1.000,0.000,0.000,0.000,0.000,0.000,0.000,0.000,0.000,"",
35.278,Right,-3.795,-0.279,-1.239,0.000,1.000,0.000,0.000,0.000,0.000,0.000,0.000,0.000,0.000,"",
35.291,Right,-3.795,-0.279,-1.239,0.000,1.000,0.000,0.000,0.000,0.000,0.000,0.000,0.000,0.000,"",
35.306,Right,-3.795,-0.279,-1.239,0.000,1.000,0.000,0.000,0.000,0.000,0.000,0.000,0.000,0.000,"",
35.320,Right,-3.795,-0.279,-1.239,0.000,1.000,0.000,0.000,0.000,0.000,0.000,0.000,0.000,0.000,"",
35.333,Right,-3.795,-0.279,-1.239,0.000,1.000,0.000,0.000,0.000,0.000,0.000,0.000,0.000,0.000,"",
35.347,Right,-3.795,-0.279,-1.239,0.000,1.000,0.000,0.000,0.000,0.000,0.000,0.000,0.000,0.000,"",
35.361,Right,-3.795,-0.279,-1.239,0.000,1.000,0.000,0.000,0.000,0.000,0.000,0.000,0.000,0.000,"",
35.375,Right,-3.795,-0.279,-1.239,0.000,1.000,0.000,0.000,0.000,0.000,0.000,0.000,0.000,0.000,"",
35.388,Right,-3.795,-0.279,-1.239,0.000,1.000,0.000,0.000,0.000,0.000,0.000,0.000,0.000,0.000,"",
35.404,Right,-3.795,-0.279,-1.239,0.000,1.000,0.000,0.000,0.000,0.000,0.000,0.000,0.000,0.000,"",
35.417,Right,-3.795,-0.279,-1.239,0.000,1.000,0.000,0.000,0.000,0.000,0.000,0.000,0.000,0.000,"",
35.429,Right,-3.795,-0.279,-1.239,0.000,1.000,0.000,0.000,0.000,0.000,0.000,0.000,0.000,0.000,"",
35.444,Right,-3.795,-0.279,-1.239,0.000,1.000,0.000,0.000,0.000,0.000,0.000,0.000,0.000,0.000,"",
35.459,Right,-3.795,-0.279,-1.239,0.000,1.000,0.000,0.000,0.000,0.000,0.000,0.000,0.000,0.000,"",
35.471,Right,-3.795,-0.279,-1.239,0.000,1.000,0.000,0.000,0.000,0.000,0.000,0.000,0.000,0.000,"",
35.487,Right,-3.795,-0.279,-1.239,0.000,1.000,0.000,0.000,0.000,0.000,0.000,0.000,0.000,0.000,"",
35.500,Right,-3.795,-0.279,-1.239,0.000,1.000,0.000,0.000,0.000,0.000,0.000,0.000,0.000,0.000,"",
35.514,Right,-3.795,-0.279,-1.239,0.000,1.000,0.000,0.000,0.000,0.000,0.000,0.000,0.000,0.000,"",
35.527,Right,-3.795,-0.279,-1.239,0.000,1.000,0.000,0.000,0.000,0.000,0.000,0.000,0.000,0.000,"",
35.542,Right,-3.795,-0.279,-1.239,0.000,1.000,0.000,0.000,0.000,0.000,0.000,0.000,0.000,0.000,"",
35.556,Right,-3.795,-0.279,-1.239,0.000,1.000,0.000,0.000,0.000,0.000,0.000,0.000,0.000,0.000,"",
35.569,Right,-3.795,-0.279,-1.239,0.000,1.000,0.000,0.000,0.000,0.000,0.000,0.000,0.000,0.000,"",
35.585,Right,-3.795,-0.279,-1.239,0.000,1.000,0.000,0.000,0.000,0.000,0.000,0.000,0.000,0.000,"",
35.598,Right,-3.795,-0.279,-1.239,0.000,1.000,0.000,0.000,0.000,0.000,0.000,0.000,0.000,0.000,"",
35.611,Right,-3.795,-0.279,-1.239,0.000,1.000,0.000,0.000,0.000,0.000,0.000,0.000,0.000,0.000,"",
35.626,Right,-3.795,-0.279,-1.239,0.000,1.000,0.000,0.000,0.000,0.000,0.000,0.000,0.000,0.000,"",
35.639,Right,-3.795,-0.279,-1.239,0.000,1.000,0.000,0.000,0.000,0.000,0.000,0.000,0.000,0.000,"",
35.652,Right,-3.795,-0.279,-1.239,0.000,1.000,0.000,0.000,0.000,0.000,0.000,0.000,0.000,0.000,"",
35.668,Right,-3.795,-0.279,-1.239,0.000,1.000,0.000,0.000,0.000,0.000,0.000,0.000,0.000,0.000,"",
35.681,Right,-3.795,-0.279,-1.239,0.000,1.000,0.000,0.000,0.000,0.000,0.000,0.000,0.000,0.000,"",
35.696,Right,-3.795,-0.279,-1.239,0.000,1.000,0.000,0.000,0.000,0.000,0.000,0.000,0.000,0.000,"",
35.709,Right,-3.795,-0.279,-1.239,0.000,1.000,0.000,0.000,0.000,0.000,0.000,0.000,0.000,0.000,"",
35.723,Right,-3.795,-0.279,-1.239,0.000,1.000,0.000,0.000,0.000,0.000,0.000,0.000,0.000,0.000,"",
35.738,Right,-3.795,-0.279,-1.239,0.000,1.000,0.000,0.000,0.000,0.000,0.000,0.000,0.000,0.000,"",
35.750,Right,-3.795,-0.279,-1.239,0.000,1.000,0.000,0.000,0.000,0.000,0.000,0.000,0.000,0.000,"",
35.765,Right,-3.795,-0.279,-1.239,0.000,1.000,0.000,0.000,0.000,0.000,0.000,0.000,0.000,0.000,"",
35.780,Right,-3.795,-0.279,-1.239,0.000,1.000,0.000,0.000,0.000,0.000,0.000,0.000,0.000,0.000,"",
35.794,Right,-3.795,-0.279,-1.239,0.000,1.000,0.000,0.000,0.000,0.000,0.000,0.000,0.000,0.000,"",
35.806,Right,-3.795,-0.279,-1.239,0.000,1.000,0.000,0.000,0.000,0.000,0.000,0.000,0.000,0.000,"",
35.821,Right,-3.795,-0.279,-1.239,0.000,1.000,0.000,0.000,0.000,0.000,0.000,0.000,0.000,0.000,"",
35.835,Right,-3.795,-0.279,-1.239,0.000,1.000,0.000,0.000,0.000,0.000,0.000,0.000,0.000,0.000,"",
35.848,Right,-3.795,-0.279,-1.239,0.000,1.000,0.000,0.000,0.000,0.000,0.000,0.000,0.000,0.000,"",
35.863,Right,-3.795,-0.279,-1.239,0.000,1.000,0.000,0.000,0.000,0.000,0.000,0.000,0.000,0.000,"",
35.877,Right,-3.795,-0.279,-1.239,0.000,1.000,0.000,0.000,0.000,0.000,0.000,0.000,0.000,0.000,"",
35.890,Right,-3.795,-0.279,-1.239,0.000,1.000,0.000,0.000,0.000,0.000,0.000,0.000,0.000,0.000,"",
35.905,Right,-3.795,-0.279,-1.239,0.000,1.000,0.000,0.000,0.000,0.000,0.000,0.000,0.000,0.000,"",
35.919,Right,-3.795,-0.279,-1.239,0.000,1.000,0.000,0.000,0.000,0.000,0.000,0.000,0.000,0.000,"",
35.931,Right,-3.795,-0.279,-1.239,0.000,1.000,0.000,0.000,0.000,0.000,0.000,0.000,0.000,0.000,"",
35.947,Right,-3.795,-0.279,-1.239,0.000,1.000,0.000,0.000,0.000,0.000,0.000,0.000,0.000,0.000,"",
35.960,Right,-3.795,-0.279,-1.239,0.000,1.000,0.000,0.000,0.000,0.000,0.000,0.000,0.000,0.000,"",
35.974,Right,-3.795,-0.279,-1.239,0.000,1.000,0.000,0.000,0.000,0.000,0.000,0.000,0.000,0.000,"",
35.987,Right,-3.795,-0.279,-1.239,0.000,1.000,0.000,0.000,0.000,0.000,0.000,0.000,0.000,0.000,"",
36.003,Right,-3.795,-0.279,-1.239,0.000,1.000,0.000,0.000,0.000,0.000,0.000,0.000,0.000,0.000,"",
36.016,Right,-3.795,-0.279,-1.239,0.000,1.000,0.000,0.000,0.000,0.000,0.000,0.000,0.000,0.000,"",
36.029,Right,-3.795,-0.279,-1.239,0.000,1.000,0.000,0.000,0.000,0.000,0.000,0.000,0.000,0.000,"",
36.044,Right,-3.795,-0.279,-1.239,0.000,1.000,0.000,0.000,0.000,0.000,0.000,0.000,0.000,0.000,"",
36.058,Right,-3.795,-0.279,-1.239,0.000,1.000,0.000,0.000,0.000,0.000,0.000,0.000,0.000,0.000,"",
36.071,Right,-3.795,-0.279,-1.239,0.000,1.000,0.000,0.000,0.000,0.000,0.000,0.000,0.000,0.000,"",
36.086,Right,-3.795,-0.279,-1.239,0.000,1.000,0.000,0.000,0.000,0.000,0.000,0.000,0.000,0.000,"",
36.100,Right,-3.795,-0.279,-1.239,0.000,1.000,0.000,0.000,0.000,0.000,0.000,0.000,0.000,0.000,"",
36.114,Right,-3.795,-0.279,-1.239,0.000,1.000,0.000,0.000,0.000,0.000,0.000,0.000,0.000,0.000,"",
36.127,Right,-3.795,-0.279,-1.239,0.000,1.000,0.000,0.000,0.000,0.000,0.000,0.000,0.000,0.000,"",
36.142,Right,-3.795,-0.279,-1.239,0.000,1.000,0.000,0.000,0.000,0.000,0.000,0.000,0.000,0.000,"",
36.156,Right,-3.795,-0.279,-1.239,0.000,1.000,0.000,0.000,0.000,0.000,0.000,0.000,0.000,0.000,"",
36.169,Right,-3.795,-0.279,-1.239,0.000,1.000,0.000,0.000,0.000,0.000,0.000,0.000,0.000,0.000,"",
36.183,Right,-3.795,-0.279,-1.239,0.000,1.000,0.000,0.000,0.000,0.000,0.000,0.000,0.000,0.000,"",
36.197,Right,-3.795,-0.279,-1.239,0.000,1.000,0.000,0.000,0.000,0.000,0.000,0.000,0.000,0.000,"",
36.211,Right,-3.795,-0.279,-1.239,0.000,1.000,0.000,0.000,0.000,0.000,0.000,0.000,0.000,0.000,"",
36.225,Right,-3.795,-0.279,-1.239,0.000,1.000,0.000,0.000,0.000,0.000,0.000,0.000,0.000,0.000,"",
36.239,Right,-3.795,-0.279,-1.239,0.000,1.000,0.000,0.000,0.000,0.000,0.000,0.000,0.000,0.000,"",
36.253,Right,-3.795,-0.279,-1.239,0.000,1.000,0.000,0.000,0.000,0.000,0.000,0.000,0.000,0.000,"",
36.267,Right,-3.795,-0.279,-1.239,0.000,1.000,0.000,0.000,0.000,0.000,0.000,0.000,0.000,0.000,"",
36.281,Right,-3.795,-0.279,-1.239,0.000,1.000,0.000,0.000,0.000,0.000,0.000,0.000,0.000,0.000,"",
36.295,Right,-3.795,-0.279,-1.239,0.000,1.000,0.000,0.000,0.000,0.000,0.000,0.000,0.000,0.000,"",
36.307,Right,-3.795,-0.279,-1.239,0.000,1.000,0.000,0.000,0.000,0.000,0.000,0.000,0.000,0.000,"",
36.322,Right,-3.795,-0.279,-1.239,0.000,1.000,0.000,0.000,0.000,0.000,0.000,0.000,0.000,0.000,"",
36.336,Right,-3.795,-0.279,-1.239,0.000,1.000,0.000,0.000,0.000,0.000,0.000,0.000,0.000,0.000,"",
36.348,Right,-3.795,-0.279,-1.239,0.000,1.000,0.000,0.000,0.000,0.000,0.000,0.000,0.000,0.000,"",
36.364,Right,-3.795,-0.279,-1.239,0.000,1.000,0.000,0.000,0.000,0.000,0.000,0.000,0.000,0.000,"",
36.378,Right,-3.795,-0.279,-1.239,0.000,1.000,0.000,0.000,0.000,0.000,0.000,0.000,0.000,0.000,"",
36.391,Right,-3.795,-0.279,-1.239,0.000,1.000,0.000,0.000,0.000,0.000,0.000,0.000,0.000,0.000,"",
36.406,Right,-3.795,-0.279,-1.239,0.000,1.000,0.000,0.000,0.000,0.000,0.000,0.000,0.000,0.000,"",
36.420,Right,-3.795,-0.279,-1.239,0.000,1.000,0.000,0.000,0.000,0.000,0.000,0.000,0.000,0.000,"",
36.432,Right,-3.795,-0.279,-1.239,0.000,1.000,0.000,0.000,0.000,0.000,0.000,0.000,0.000,0.000,"",
36.447,Right,-3.795,-0.279,-1.239,0.000,1.000,0.000,0.000,0.000,0.000,0.000,0.000,0.000,0.000,"",
36.462,Right,-3.795,-0.279,-1.239,0.000,1.000,0.000,0.000,0.000,0.000,0.000,0.000,0.000,0.000,"",
36.476,Right,-3.795,-0.279,-1.239,0.000,1.000,0.000,0.000,0.000,0.000,0.000,0.000,0.000,0.000,"",
36.489,Right,-3.795,-0.279,-1.239,0.000,1.000,0.000,0.000,0.000,0.000,0.000,0.000,0.000,0.000,"",
36.505,Right,-3.795,-0.279,-1.239,0.000,1.000,0.000,0.000,0.000,0.000,0.000,0.000,0.000,0.000,"",
36.518,Right,-3.795,-0.279,-1.239,0.000,1.000,0.000,0.000,0.000,0.000,0.000,0.000,0.000,0.000,"",
36.531,Right,-3.795,-0.279,-1.239,0.000,1.000,0.000,0.000,0.000,0.000,0.000,0.000,0.000,0.000,"",
36.546,Right,-3.795,-0.279,-1.239,0.000,1.000,0.000,0.000,0.000,0.000,0.000,0.000,0.000,0.000,"",
36.560,Right,-3.795,-0.279,-1.239,0.000,1.000,0.000,0.000,0.000,0.000,0.000,0.000,0.000,0.000,"",
36.572,Right,-3.795,-0.279,-1.239,0.000,1.000,0.000,0.000,0.000,0.000,0.000,0.000,0.000,0.000,"",
36.588,Right,-3.795,-0.279,-1.239,0.000,1.000,0.000,0.000,0.000,0.000,0.000,0.000,0.000,0.000,"",
36.602,Right,-3.795,-0.279,-1.239,0.000,1.000,0.000,0.000,0.000,0.000,0.000,0.000,0.000,0.000,"",
36.615,Right,-3.795,-0.279,-1.239,0.000,1.000,0.000,0.000,0.000,0.000,0.000,0.000,0.000,0.000,"",
36.628,Right,-3.795,-0.279,-1.239,0.000,1.000,0.000,0.000,0.000,0.000,0.000,0.000,0.000,0.000,"",
36.644,Right,-3.795,-0.279,-1.239,0.000,1.000,0.000,0.000,0.000,0.000,0.000,0.000,0.000,0.000,"",
36.657,Right,-3.795,-0.279,-1.239,0.000,1.000,0.000,0.000,0.000,0.000,0.000,0.000,0.000,0.000,"",
36.670,Right,-3.795,-0.279,-1.239,0.000,1.000,0.000,0.000,0.000,0.000,0.000,0.000,0.000,0.000,"",
36.685,Right,-3.795,-0.279,-1.239,0.000,1.000,0.000,0.000,0.000,0.000,0.000,0.000,0.000,0.000,"",
36.699,Right,-3.795,-0.279,-1.239,0.000,1.000,0.000,0.000,0.000,0.000,0.000,0.000,0.000,0.000,"",
36.712,Right,-3.795,-0.279,-1.239,0.000,1.000,0.000,0.000,0.000,0.000,0.000,0.000,0.000,0.000,"",
36.727,Right,-3.795,-0.279,-1.239,0.000,1.000,0.000,0.000,0.000,0.000,0.000,0.000,0.000,0.000,"",
36.741,Right,-3.795,-0.279,-1.239,0.000,1.000,0.000,0.000,0.000,0.000,0.000,0.000,0.000,0.000,"",
36.756,Right,-3.795,-0.279,-1.239,0.000,1.000,0.000,0.000,0.000,0.000,0.000,0.000,0.000,0.000,"",
36.767,Right,-3.795,-0.279,-1.239,0.000,1.000,0.000,0.000,0.000,0.000,0.000,0.000,0.000,0.000,"",
36.782,Right,-3.795,-0.279,-1.239,0.000,1.000,0.000,0.000,0.000,0.000,0.000,0.000,0.000,0.000,"",
36.797,Right,-3.795,-0.279,-1.239,0.000,1.000,0.000,0.000,0.000,0.000,0.000,0.000,0.000,0.000,"",
36.809,Right,-3.795,-0.279,-1.239,0.000,1.000,0.000,0.000,0.000,0.000,0.000,0.000,0.000,0.000,"",
36.824,Right,-3.795,-0.279,-1.239,0.000,1.000,0.000,0.000,0.000,0.000,0.000,0.000,0.000,0.000,"",
36.840,Right,-3.795,-0.279,-1.239,0.000,1.000,0.000,0.000,0.000,0.000,0.000,0.000,0.000,0.000,"",
36.852,Right,-3.795,-0.279,-1.239,0.000,1.000,0.000,0.000,0.000,0.000,0.000,0.000,0.000,0.000,"",
36.865,Right,-3.795,-0.279,-1.239,0.000,1.000,0.000,0.000,0.000,0.000,0.000,0.000,0.000,0.000,"",
36.880,Right,-3.795,-0.279,-1.239,0.000,1.000,0.000,0.000,0.000,0.000,0.000,0.000,0.000,0.000,"",
36.894,Right,-3.795,-0.279,-1.239,0.000,1.000,0.000,0.000,0.000,0.000,0.000,0.000,0.000,0.000,"",
36.906,Right,-3.795,-0.279,-1.239,0.000,1.000,0.000,0.000,0.000,0.000,0.000,0.000,0.000,0.000,"",
36.922,Right,-3.795,-0.279,-1.239,0.000,1.000,0.000,0.000,0.000,0.000,0.000,0.000,0.000,0.000,"",
36.936,Right,-3.795,-0.279,-1.239,0.000,1.000,0.000,0.000,0.000,0.000,0.000,0.000,0.000,0.000,"",
36.948,Right,-3.795,-0.279,-1.239,0.000,1.000,0.000,0.000,0.000,0.000,0.000,0.000,0.000,0.000,"",
36.964,Right,-3.795,-0.279,-1.239,0.000,1.000,0.000,0.000,0.000,0.000,0.000,0.000,0.000,0.000,"",
36.978,Right,-3.795,-0.279,-1.239,0.000,1.000,0.000,0.000,0.000,0.000,0.000,0.000,0.000,0.000,"",
36.990,Right,-3.795,-0.279,-1.239,0.000,1.000,0.000,0.000,0.000,0.000,0.000,0.000,0.000,0.000,"",
37.006,Right,-3.795,-0.279,-1.239,0.000,1.000,0.000,0.000,0.000,0.000,0.000,0.000,0.000,0.000,"",
37.020,Right,-3.795,-0.279,-1.239,0.000,1.000,0.000,0.000,0.000,0.000,0.000,0.000,0.000,0.000,"",
37.032,Right,-3.795,-0.279,-1.239,0.000,1.000,0.000,0.000,0.000,0.000,0.000,0.000,0.000,0.000,"",
37.047,Right,-3.795,-0.279,-1.239,0.000,1.000,0.000,0.000,0.000,0.000,0.000,0.000,0.000,0.000,"",
37.061,Right,-3.795,-0.279,-1.239,0.000,1.000,0.000,0.000,0.000,0.000,0.000,0.000,0.000,0.000,"",
37.074,Right,-3.795,-0.279,-1.239,0.000,1.000,0.000,0.000,0.000,0.000,0.000,0.000,0.000,0.000,"",
37.087,Right,-3.795,-0.279,-1.239,0.000,1.000,0.000,0.000,0.000,0.000,0.000,0.000,0.000,0.000,"",
37.102,Right,-3.795,-0.279,-1.239,0.000,1.000,0.000,0.000,0.000,0.000,0.000,0.000,0.000,0.000,"",
37.116,Right,-3.795,-0.279,-1.239,0.000,1.000,0.000,0.000,0.000,0.000,0.000,0.000,0.000,0.000,"",
37.129,Right,-3.795,-0.279,-1.239,0.000,1.000,0.000,0.000,0.000,0.000,0.000,0.000,0.000,0.000,"",
37.143,Right,-3.795,-0.279,-1.239,0.000,1.000,0.000,0.000,0.000,0.000,0.000,0.000,0.000,0.000,"",
37.157,Right,-3.795,-0.279,-1.239,0.000,1.000,0.000,0.000,0.000,0.000,0.000,0.000,0.000,0.000,"",
37.171,Right,-3.795,-0.279,-1.239,0.000,1.000,0.000,0.000,0.000,0.000,0.000,0.000,0.000,0.000,"",
37.185,Right,-3.795,-0.279,-1.239,0.000,1.000,0.000,0.000,0.000,0.000,0.000,0.000,0.000,0.000,"",
37.199,Right,-3.795,-0.279,-1.239,0.000,1.000,0.000,0.000,0.000,0.000,0.000,0.000,0.000,0.000,"",
37.213,Right,-3.795,-0.279,-1.239,0.000,1.000,0.000,0.000,0.000,0.000,0.000,0.000,0.000,0.000,"",
37.227,Right,-3.795,-0.279,-1.239,0.000,1.000,0.000,0.000,0.000,0.000,0.000,0.000,0.000,0.000,"",
37.241,Right,-3.795,-0.279,-1.239,0.000,1.000,0.000,0.000,0.000,0.000,0.000,0.000,0.000,0.000,"",
37.256,Right,-3.795,-0.279,-1.239,0.000,1.000,0.000,0.000,0.000,0.000,0.000,0.000,0.000,0.000,"",
37.268,Right,-3.795,-0.279,-1.239,0.000,1.000,0.000,0.000,0.000,0.000,0.000,0.000,0.000,0.000,"",
37.283,Right,-3.795,-0.279,-1.239,0.000,1.000,0.000,0.000,0.000,0.000,0.000,0.000,0.000,0.000,"",
37.297,Right,-3.795,-0.279,-1.239,0.000,1.000,0.000,0.000,0.000,0.000,0.000,0.000,0.000,0.000,"",
37.310,Right,-3.795,-0.279,-1.239,0.000,1.000,0.000,0.000,0.000,0.000,0.000,0.000,0.000,0.000,"",
37.325,Right,-3.795,-0.279,-1.239,0.000,1.000,0.000,0.000,0.000,0.000,0.000,0.000,0.000,0.000,"",
37.340,Right,-3.795,-0.279,-1.239,0.000,1.000,0.000,0.000,0.000,0.000,0.000,0.000,0.000,0.000,"",
37.353,Right,-3.795,-0.279,-1.239,0.000,1.000,0.000,0.000,0.000,0.000,0.000,0.000,0.000,0.000,"",
37.369,Right,-3.795,-0.279,-1.239,0.000,1.000,0.000,0.000,0.000,0.000,0.000,0.000,0.000,0.000,"",
37.383,Right,-3.795,-0.279,-1.239,0.000,1.000,0.000,0.000,0.000,0.000,0.000,0.000,0.000,0.000,"",
37.398,Right,-3.795,-0.279,-1.239,0.000,1.000,0.000,0.000,0.000,0.000,0.000,0.000,0.000,0.000,"",
37.408,Right,-3.795,-0.279,-1.239,0.000,1.000,0.000,0.000,0.000,0.000,0.000,0.000,0.000,0.000,"",
37.423,Right,-3.795,-0.279,-1.239,0.000,1.000,0.000,0.000,0.000,0.000,0.000,0.000,0.000,0.000,"",
37.439,Right,-3.795,-0.279,-1.239,0.000,1.000,0.000,0.000,0.000,0.000,0.000,0.000,0.000,0.000,"",
37.450,Right,-3.795,-0.279,-1.239,0.000,1.000,0.000,0.000,0.000,0.000,0.000,0.000,0.000,0.000,"",
37.465,Right,-3.795,-0.279,-1.239,0.000,1.000,0.000,0.000,0.000,0.000,0.000,0.000,0.000,0.000,"",
37.478,Right,-3.795,-0.279,-1.239,0.000,1.000,0.000,0.000,0.000,0.000,0.000,0.000,0.000,0.000,"",
37.490,Right,-3.795,-0.279,-1.239,0.000,1.000,0.000,0.000,0.000,0.000,0.000,0.000,0.000,0.000,"",
37.506,Right,-3.795,-0.279,-1.239,0.000,1.000,0.000,0.000,0.000,0.000,0.000,0.000,0.000,0.000,"",
37.520,Right,-3.795,-0.279,-1.239,0.000,1.000,0.000,0.000,0.000,0.000,0.000,0.000,0.000,0.000,"",
37.532,Right,-3.795,-0.279,-1.239,0.000,1.000,0.000,0.000,0.000,0.000,0.000,0.000,0.000,0.000,"",
37.548,Right,-3.795,-0.279,-1.239,0.000,1.000,0.000,0.000,0.000,0.000,0.000,0.000,0.000,0.000,"",
37.562,Right,-3.795,-0.279,-1.239,0.000,1.000,0.000,0.000,0.000,0.000,0.000,0.000,0.000,0.000,"",
37.576,Right,-3.795,-0.279,-1.239,0.000,1.000,0.000,0.000,0.000,0.000,0.000,0.000,0.000,0.000,"",
37.589,Right,-3.795,-0.279,-1.239,0.000,1.000,0.000,0.000,0.000,0.000,0.000,0.000,0.000,0.000,"",
37.604,Right,-3.795,-0.279,-1.239,0.000,1.000,0.000,0.000,0.000,0.000,0.000,0.000,0.000,0.000,"",
37.618,Right,-3.795,-0.279,-1.239,0.000,1.000,0.000,0.000,0.000,0.000,0.000,0.000,0.000,0.000,"",
37.631,Right,-3.795,-0.279,-1.239,0.000,1.000,0.000,0.000,0.000,0.000,0.000,0.000,0.000,0.000,"",
37.645,Right,-3.795,-0.279,-1.239,0.000,1.000,0.000,0.000,0.000,0.000,0.000,0.000,0.000,0.000,"",
37.659,Right,-3.795,-0.279,-1.239,0.000,1.000,0.000,0.000,0.000,0.000,0.000,0.000,0.000,0.000,"",
37.672,Right,-3.795,-0.279,-1.239,0.000,1.000,0.000,0.000,0.000,0.000,0.000,0.000,0.000,0.000,"",
37.687,Right,-3.795,-0.279,-1.239,0.000,1.000,0.000,0.000,0.000,0.000,0.000,0.000,0.000,0.000,"",
37.701,Right,-3.795,-0.279,-1.239,0.000,1.000,0.000,0.000,0.000,0.000,0.000,0.000,0.000,0.000,"",
37.715,Right,-3.795,-0.279,-1.239,0.000,1.000,0.000,0.000,0.000,0.000,0.000,0.000,0.000,0.000,"",
37.728,Right,-3.795,-0.279,-1.239,0.000,1.000,0.000,0.000,0.000,0.000,0.000,0.000,0.000,0.000,"",
37.743,Right,-3.795,-0.279,-1.239,0.000,1.000,0.000,0.000,0.000,0.000,0.000,0.000,0.000,0.000,"",
37.758,Right,-3.795,-0.279,-1.239,0.000,1.000,0.000,0.000,0.000,0.000,0.000,0.000,0.000,0.000,"",
37.770,Right,-3.795,-0.279,-1.239,0.000,1.000,0.000,0.000,0.000,0.000,0.000,0.000,0.000,0.000,"",
37.784,Right,-3.795,-0.279,-1.239,0.000,1.000,0.000,0.000,0.000,0.000,0.000,0.000,0.000,0.000,"",
37.798,Right,-3.795,-0.279,-1.239,0.000,1.000,0.000,0.000,0.000,0.000,0.000,0.000,0.000,0.000,"",
37.811,Right,-3.795,-0.279,-1.239,0.000,1.000,0.000,0.000,0.000,0.000,0.000,0.000,0.000,0.000,"",
37.826,Right,-3.795,-0.279,-1.239,0.000,1.000,0.000,0.000,0.000,0.000,0.000,0.000,0.000,0.000,"",
37.841,Right,-3.795,-0.279,-1.239,0.000,1.000,0.000,0.000,0.000,0.000,0.000,0.000,0.000,0.000,"",
37.854,Right,-3.795,-0.279,-1.239,0.000,1.000,0.000,0.000,0.000,0.000,0.000,0.000,0.000,0.000,"",
37.866,Right,-3.795,-0.279,-1.239,0.000,1.000,0.000,0.000,0.000,0.000,0.000,0.000,0.000,0.000,"",
37.883,Right,-3.795,-0.279,-1.239,0.000,1.000,0.000,0.000,0.000,0.000,0.000,0.000,0.000,0.000,"",
37.896,Right,-3.795,-0.279,-1.239,0.000,1.000,0.000,0.000,0.000,0.000,0.000,0.000,0.000,0.000,"",
37.908,Right,-3.795,-0.279,-1.239,0.000,1.000,0.000,0.000,0.000,0.000,0.000,0.000,0.000,0.000,"",
37.924,Right,-3.795,-0.279,-1.239,0.000,1.000,0.000,0.000,0.000,0.000,0.000,0.000,0.000,0.000,"",
37.937,Right,-3.795,-0.279,-1.239,0.000,1.000,0.000,0.000,0.000,0.000,0.000,0.000,0.000,0.000,"",
37.950,Right,-3.795,-0.279,-1.239,0.000,1.000,0.000,0.000,0.000,0.000,0.000,0.000,0.000,0.000,"",
37.966,Right,-3.795,-0.279,-1.239,0.000,1.000,0.000,0.000,0.000,0.000,0.000,0.000,0.000,0.000,"",
37.980,Right,-3.795,-0.279,-1.239,0.000,1.000,0.000,0.000,0.000,0.000,0.000,0.000,0.000,0.000,"",
37.993,Right,-3.795,-0.279,-1.239,0.000,1.000,0.000,0.000,0.000,0.000,0.000,0.000,0.000,0.000,"",
38.008,Right,-3.795,-0.279,-1.239,0.000,1.000,0.000,0.000,0.000,0.000,0.000,0.000,0.000,0.000,"",
38.022,Right,-3.795,-0.279,-1.239,0.000,1.000,0.000,0.000,0.000,0.000,0.000,0.000,0.000,0.000,"",
38.035,Right,-3.795,-0.279,-1.239,0.000,1.000,0.000,0.000,0.000,0.000,0.000,0.000,0.000,0.000,"",
38.048,Right,-3.795,-0.279,-1.239,0.000,1.000,0.000,0.000,0.000,0.000,0.000,0.000,0.000,0.000,"",
38.063,Right,-3.795,-0.279,-1.239,0.000,1.000,0.000,0.000,0.000,0.000,0.000,0.000,0.000,0.000,"",
38.077,Right,-3.795,-0.279,-1.239,0.000,1.000,0.000,0.000,0.000,0.000,0.000,0.000,0.000,0.000,"",
38.090,Right,-3.795,-0.279,-1.239,0.000,1.000,0.000,0.000,0.000,0.000,0.000,0.000,0.000,0.000,"",
38.105,Right,-3.795,-0.279,-1.239,0.000,1.000,0.000,0.000,0.000,0.000,0.000,0.000,0.000,0.000,"",
38.119,Right,-3.795,-0.279,-1.239,0.000,1.000,0.000,0.000,0.000,0.000,0.000,0.000,0.000,0.000,"",
38.132,Right,-3.795,-0.279,-1.239,0.000,1.000,0.000,0.000,0.000,0.000,0.000,0.000,0.000,0.000,"",
38.148,Right,-3.795,-0.279,-1.239,0.000,1.000,0.000,0.000,0.000,0.000,0.000,0.000,0.000,0.000,"",
38.161,Right,-3.795,-0.279,-1.239,0.000,1.000,0.000,0.000,0.000,0.000,0.000,0.000,0.000,0.000,"",
38.175,Right,-3.795,-0.279,-1.239,0.000,1.000,0.000,0.000,0.000,0.000,0.000,0.000,0.000,0.000,"",
38.188,Right,-3.795,-0.279,-1.239,0.000,1.000,0.000,0.000,0.000,0.000,0.000,0.000,0.000,0.000,"",
38.203,Right,-3.795,-0.279,-1.239,0.000,1.000,0.000,0.000,0.000,0.000,0.000,0.000,0.000,0.000,"",
38.217,Right,-3.795,-0.279,-1.239,0.000,1.000,0.000,0.000,0.000,0.000,0.000,0.000,0.000,0.000,"",
38.230,Right,-3.795,-0.279,-1.239,0.000,1.000,0.000,0.000,0.000,0.000,0.000,0.000,0.000,0.000,"",
38.245,Right,-3.795,-0.279,-1.239,0.000,1.000,0.000,0.000,0.000,0.000,0.000,0.000,0.000,0.000,"",
38.259,Right,-3.795,-0.279,-1.239,0.000,1.000,0.000,0.000,0.000,0.000,0.000,0.000,0.000,0.000,"",
38.273,Right,-3.795,-0.279,-1.239,0.000,1.000,0.000,0.000,0.000,0.000,0.000,0.000,0.000,0.000,"",
38.288,Right,-3.795,-0.279,-1.239,0.000,1.000,0.000,0.000,0.000,0.000,0.000,0.000,0.000,0.000,"",
38.302,Right,-3.795,-0.279,-1.239,0.000,1.000,0.000,0.000,0.000,0.000,0.000,0.000,0.000,0.000,"",
38.315,Right,-3.795,-0.279,-1.239,0.000,1.000,0.000,0.000,0.000,0.000,0.000,0.000,0.000,0.000,"",
38.327,Right,-3.795,-0.279,-1.239,0.000,1.000,0.000,0.000,0.000,0.000,0.000,0.000,0.000,0.000,"",
38.343,Right,-3.795,-0.279,-1.239,0.000,1.000,0.000,0.000,0.000,0.000,0.000,0.000,0.000,0.000,"",
38.357,Right,-3.795,-0.279,-1.239,0.000,1.000,0.000,0.000,0.000,0.000,0.000,0.000,0.000,0.000,"",
38.369,Right,-3.795,-0.279,-1.239,0.000,1.000,0.000,0.000,0.000,0.000,0.000,0.000,0.000,0.000,"",
38.385,Right,-3.795,-0.279,-1.239,0.000,1.000,0.000,0.000,0.000,0.000,0.000,0.000,0.000,0.000,"",
38.398,Right,-3.795,-0.279,-1.239,0.000,1.000,0.000,0.000,0.000,0.000,0.000,0.000,0.000,0.000,"",
38.411,Right,-3.795,-0.279,-1.239,0.000,1.000,0.000,0.000,0.000,0.000,0.000,0.000,0.000,0.000,"",
38.426,Right,-3.795,-0.279,-1.239,0.000,1.000,0.000,0.000,0.000,0.000,0.000,0.000,0.000,0.000,"",
38.440,Right,-3.795,-0.279,-1.239,0.000,1.000,0.000,0.000,0.000,0.000,0.000,0.000,0.000,0.000,"",
38.452,Right,-3.795,-0.279,-1.239,0.000,1.000,0.000,0.000,0.000,0.000,0.000,0.000,0.000,0.000,"",
38.467,Right,-3.795,-0.279,-1.239,0.000,1.000,0.000,0.000,0.000,0.000,0.000,0.000,0.000,0.000,"",
38.481,Right,-3.795,-0.279,-1.239,0.000,1.000,0.000,0.000,0.000,0.000,0.000,0.000,0.000,0.000,"",
38.495,Right,-3.795,-0.279,-1.239,0.000,1.000,0.000,0.000,0.000,0.000,0.000,0.000,0.000,0.000,"",
38.508,Right,-3.795,-0.279,-1.239,0.000,1.000,0.000,0.000,0.000,0.000,0.000,0.000,0.000,0.000,"",
38.523,Right,-3.795,-0.279,-1.239,0.000,1.000,0.000,0.000,0.000,0.000,0.000,0.000,0.000,0.000,"",
38.537,Right,-3.795,-0.279,-1.239,0.000,1.000,0.000,0.000,0.000,0.000,0.000,0.000,0.000,0.000,"",
38.549,Right,-3.795,-0.279,-1.239,0.000,1.000,0.000,0.000,0.000,0.000,0.000,0.000,0.000,0.000,"",
38.561,Right,-3.795,-0.279,-1.239,0.000,1.000,0.000,0.000,0.000,0.000,0.000,0.000,0.000,0.000,"",
38.576,Right,-3.795,-0.279,-1.239,0.000,1.000,0.000,0.000,0.000,0.000,0.000,0.000,0.000,0.000,"",
38.589,Right,-3.795,-0.279,-1.239,0.000,1.000,0.000,0.000,0.000,0.000,0.000,0.000,0.000,0.000,"",
38.604,Right,-3.795,-0.279,-1.239,0.000,1.000,0.000,0.000,0.000,0.000,0.000,0.000,0.000,0.000,"",
38.618,Right,-3.795,-0.279,-1.239,0.000,1.000,0.000,0.000,0.000,0.000,0.000,0.000,0.000,0.000,"",
38.631,Right,-3.795,-0.279,-1.239,0.000,1.000,0.000,0.000,0.000,0.000,0.000,0.000,0.000,0.000,"",
38.646,Right,-3.795,-0.279,-1.239,0.000,1.000,0.000,0.000,0.000,0.000,0.000,0.000,0.000,0.000,"",
38.661,Right,-3.795,-0.279,-1.239,0.000,1.000,0.000,0.000,0.000,0.000,0.000,0.000,0.000,0.000,"",
38.675,Right,-3.795,-0.279,-1.239,0.000,1.000,0.000,0.000,0.000,0.000,0.000,0.000,0.000,0.000,"",
38.687,Right,-3.795,-0.279,-1.239,0.000,1.000,0.000,0.000,0.000,0.000,0.000,0.000,0.000,0.000,"",
38.703,Right,-3.795,-0.279,-1.239,0.000,1.000,0.000,0.000,0.000,0.000,0.000,0.000,0.000,0.000,"",
38.717,Right,-3.795,-0.279,-1.239,0.000,1.000,0.000,0.000,0.000,0.000,0.000,0.000,0.000,0.000,"",
38.729,Right,-3.795,-0.279,-1.239,0.000,1.000,0.000,0.000,0.000,0.000,0.000,0.000,0.000,0.000,"",
38.744,Right,-3.795,-0.279,-1.239,0.000,1.000,0.000,0.000,0.000,0.000,0.000,0.000,0.000,0.000,"",
38.759,Right,-3.795,-0.279,-1.239,0.000,1.000,0.000,0.000,0.000,0.000,0.000,0.000,0.000,0.000,"",
38.771,Right,-3.795,-0.279,-1.239,0.000,1.000,0.000,0.000,0.000,0.000,0.000,0.000,0.000,0.000,"",
38.787,Right,-3.795,-0.279,-1.239,0.000,1.000,0.000,0.000,0.000,0.000,0.000,0.000,0.000,0.000,"",
38.801,Right,-3.795,-0.279,-1.239,0.000,1.000,0.000,0.000,0.000,0.000,0.000,0.000,0.000,0.000,"",
38.818,Right,-3.795,-0.279,-1.239,0.000,1.000,0.000,0.000,0.000,0.000,0.000,0.000,0.000,0.000,"",
38.830,Right,-3.795,-0.279,-1.239,0.000,1.000,0.000,0.000,0.000,0.000,0.000,0.000,0.000,0.000,"",
38.843,Right,-3.795,-0.279,-1.239,0.000,1.000,0.000,0.000,0.000,0.000,0.000,0.000,0.000,0.000,"",
38.858,Right,-3.795,-0.279,-1.239,0.000,1.000,0.000,0.000,0.000,0.000,0.000,0.000,0.000,0.000,"",
38.869,Right,-3.795,-0.279,-1.239,0.000,1.000,0.000,0.000,0.000,0.000,0.000,0.000,0.000,0.000,"",
38.884,Right,-3.795,-0.279,-1.239,0.000,1.000,0.000,0.000,0.000,0.000,0.000,0.000,0.000,0.000,"",
38.898,Right,-3.795,-0.279,-1.239,0.000,1.000,0.000,0.000,0.000,0.000,0.000,0.000,0.000,0.000,"",
38.911,Right,-3.795,-0.279,-1.239,0.000,1.000,0.000,0.000,0.000,0.000,0.000,0.000,0.000,0.000,"",
38.927,Right,-3.795,-0.279,-1.239,0.000,1.000,0.000,0.000,0.000,0.000,0.000,0.000,0.000,0.000,"",
38.940,Right,-3.795,-0.279,-1.239,0.000,1.000,0.000,0.000,0.000,0.000,0.000,0.000,0.000,0.000,"",
38.954,Right,-3.795,-0.279,-1.239,0.000,1.000,0.000,0.000,0.000,0.000,0.000,0.000,0.000,0.000,"",
38.966,Right,-3.795,-0.279,-1.239,0.000,1.000,0.000,0.000,0.000,0.000,0.000,0.000,0.000,0.000,"",
38.981,Right,-3.795,-0.279,-1.239,0.000,1.000,0.000,0.000,0.000,0.000,0.000,0.000,0.000,0.000,"",
38.996,Right,-3.795,-0.279,-1.239,0.000,1.000,0.000,0.000,0.000,0.000,0.000,0.000,0.000,0.000,"",
39.008,Right,-3.795,-0.279,-1.239,0.000,1.000,0.000,0.000,0.000,0.000,0.000,0.000,0.000,0.000,"",
39.024,Right,-3.795,-0.279,-1.239,0.000,1.000,0.000,0.000,0.000,0.000,0.000,0.000,0.000,0.000,"",
39.037,Right,-3.795,-0.279,-1.239,0.000,1.000,0.000,0.000,0.000,0.000,0.000,0.000,0.000,0.000,"",
39.050,Right,-3.795,-0.279,-1.239,0.000,1.000,0.000,0.000,0.000,0.000,0.000,0.000,0.000,0.000,"",
39.065,Right,-3.795,-0.279,-1.239,0.000,1.000,0.000,0.000,0.000,0.000,0.000,0.000,0.000,0.000,"",
39.079,Right,-3.795,-0.279,-1.239,0.000,1.000,0.000,0.000,0.000,0.000,0.000,0.000,0.000,0.000,"",
39.092,Right,-3.795,-0.279,-1.239,0.000,1.000,0.000,0.000,0.000,0.000,0.000,0.000,0.000,0.000,"",
39.107,Right,-3.795,-0.279,-1.239,0.000,1.000,0.000,0.000,0.000,0.000,0.000,0.000,0.000,0.000,"",
39.121,Right,-3.795,-0.279,-1.239,0.000,1.000,0.000,0.000,0.000,0.000,0.000,0.000,0.000,0.000,"",
39.135,Right,-3.795,-0.279,-1.239,0.000,1.000,0.000,0.000,0.000,0.000,0.000,0.000,0.000,0.000,"",
39.148,Right,-3.795,-0.279,-1.239,0.000,1.000,0.000,0.000,0.000,0.000,0.000,0.000,0.000,0.000,"",
39.163,Right,-3.795,-0.279,-1.239,0.000,1.000,0.000,0.000,0.000,0.000,0.000,0.000,0.000,0.000,"",
39.177,Right,-3.795,-0.279,-1.239,0.000,1.000,0.000,0.000,0.000,0.000,0.000,0.000,0.000,0.000,"",
39.189,Right,-3.795,-0.279,-1.239,0.000,1.000,0.000,0.000,0.000,0.000,0.000,0.000,0.000,0.000,"",
39.205,Right,-3.795,-0.279,-1.239,0.000,1.000,0.000,0.000,0.000,0.000,0.000,0.000,0.000,0.000,"",
39.219,Right,-3.795,-0.279,-1.239,0.000,1.000,0.000,0.000,0.000,0.000,0.000,0.000,0.000,0.000,"",
39.230,Right,-3.795,-0.279,-1.239,0.000,1.000,0.000,0.000,0.000,0.000,0.000,0.000,0.000,0.000,"",
39.246,Right,-3.795,-0.279,-1.239,0.000,1.000,0.000,0.000,0.000,0.000,0.000,0.000,0.000,0.000,"",
39.260,Right,-3.795,-0.279,-1.239,0.000,1.000,0.000,0.000,0.000,0.000,0.000,0.000,0.000,0.000,"",
39.274,Right,-3.795,-0.279,-1.239,0.000,1.000,0.000,0.000,0.000,0.000,0.000,0.000,0.000,0.000,"",
39.286,Right,-3.795,-0.279,-1.239,0.000,1.000,0.000,0.000,0.000,0.000,0.000,0.000,0.000,0.000,"",
39.302,Right,-3.795,-0.279,-1.239,0.000,1.000,0.000,0.000,0.000,0.000,0.000,0.000,0.000,0.000,"",
39.315,Right,-3.795,-0.279,-1.239,0.000,1.000,0.000,0.000,0.000,0.000,0.000,0.000,0.000,0.000,"",
39.328,Right,-3.795,-0.279,-1.239,0.000,1.000,0.000,0.000,0.000,0.000,0.000,0.000,0.000,0.000,"",
39.344,Right,-3.795,-0.279,-1.239,0.000,1.000,0.000,0.000,0.000,0.000,0.000,0.000,0.000,0.000,"",
39.357,Right,-3.795,-0.279,-1.239,0.000,1.000,0.000,0.000,0.000,0.000,0.000,0.000,0.000,0.000,"",
39.370,Right,-3.795,-0.279,-1.239,0.000,1.000,0.000,0.000,0.000,0.000,0.000,0.000,0.000,0.000,"",
39.386,Right,-3.795,-0.279,-1.239,0.000,1.000,0.000,0.000,0.000,0.000,0.000,0.000,0.000,0.000,"",
39.399,Right,-3.795,-0.279,-1.239,0.000,1.000,0.000,0.000,0.000,0.000,0.000,0.000,0.000,0.000,"",
39.412,Right,-3.795,-0.279,-1.239,0.000,1.000,0.000,0.000,0.000,0.000,0.000,0.000,0.000,0.000,"",
39.428,Right,-3.795,-0.279,-1.239,0.000,1.000,0.000,0.000,0.000,0.000,0.000,0.000,0.000,0.000,"",
39.441,Right,-3.795,-0.279,-1.239,0.000,1.000,0.000,0.000,0.000,0.000,0.000,0.000,0.000,0.000,"",
39.455,Right,-3.795,-0.279,-1.239,0.000,1.000,0.000,0.000,0.000,0.000,0.000,0.000,0.000,0.000,"",
39.468,Right,-3.795,-0.279,-1.239,0.000,1.000,0.000,0.000,0.000,0.000,0.000,0.000,0.000,0.000,"",
39.483,Right,-3.795,-0.279,-1.239,0.000,1.000,0.000,0.000,0.000,0.000,0.000,0.000,0.000,0.000,"",
39.497,Right,-3.795,-0.279,-1.239,0.000,1.000,0.000,0.000,0.000,0.000,0.000,0.000,0.000,0.000,"",
39.510,Right,-3.795,-0.279,-1.239,0.000,1.000,0.000,0.000,0.000,0.000,0.000,0.000,0.000,0.000,"",
39.525,Right,-3.795,-0.279,-1.239,0.000,1.000,0.000,0.000,0.000,0.000,0.000,0.000,0.000,0.000,"",
39.539,Right,-3.795,-0.279,-1.239,0.000,1.000,0.000,0.000,0.000,0.000,0.000,0.000,0.000,0.000,"",
39.552,Right,-3.795,-0.279,-1.239,0.000,1.000,0.000,0.000,0.000,0.000,0.000,0.000,0.000,0.000,"",
39.566,Right,-3.795,-0.279,-1.239,0.000,1.000,0.000,0.000,0.000,0.000,0.000,0.000,0.000,0.000,"",
39.581,Right,-3.795,-0.279,-1.239,0.000,1.000,0.000,0.000,0.000,0.000,0.000,0.000,0.000,0.000,"",
39.595,Right,-3.795,-0.279,-1.239,0.000,1.000,0.000,0.000,0.000,0.000,0.000,0.000,0.000,0.000,"",
39.607,Right,-3.795,-0.279,-1.239,0.000,1.000,0.000,0.000,0.000,0.000,0.000,0.000,0.000,0.000,"",
39.622,Right,-3.795,-0.279,-1.239,0.000,1.000,0.000,0.000,0.000,0.000,0.000,0.000,0.000,0.000,"",
39.636,Right,-3.795,-0.279,-1.239,0.000,1.000,0.000,0.000,0.000,0.000,0.000,0.000,0.000,0.000,"",
39.649,Right,-3.795,-0.279,-1.239,0.000,1.000,0.000,0.000,0.000,0.000,0.000,0.000,0.000,0.000,"",
39.664,Right,-3.795,-0.279,-1.239,0.000,1.000,0.000,0.000,0.000,0.000,0.000,0.000,0.000,0.000,"",
39.678,Right,-3.795,-0.279,-1.239,0.000,1.000,0.000,0.000,0.000,0.000,0.000,0.000,0.000,0.000,"",
39.690,Right,-3.795,-0.279,-1.239,0.000,1.000,0.000,0.000,0.000,0.000,0.000,0.000,0.000,0.000,"",
39.706,Right,-3.795,-0.279,-1.239,0.000,1.000,0.000,0.000,0.000,0.000,0.000,0.000,0.000,0.000,"",
39.720,Right,-3.795,-0.279,-1.239,0.000,1.000,0.000,0.000,0.000,0.000,0.000,0.000,0.000,0.000,"",
39.733,Right,-3.795,-0.279,-1.239,0.000,1.000,0.000,0.000,0.000,0.000,0.000,0.000,0.000,0.000,"",
39.748,Right,-3.795,-0.279,-1.239,0.000,1.000,0.000,0.000,0.000,0.000,0.000,0.000,0.000,0.000,"",
39.763,Right,-3.795,-0.279,-1.239,0.000,1.000,0.000,0.000,0.000,0.000,0.000,0.000,0.000,0.000,"",
39.776,Right,-3.795,-0.279,-1.239,0.000,1.000,0.000,0.000,0.000,0.000,0.000,0.000,0.000,0.000,"",
39.789,Right,-3.795,-0.279,-1.239,0.000,1.000,0.000,0.000,0.000,0.000,0.000,0.000,0.000,0.000,"",
39.805,Right,-3.795,-0.279,-1.239,0.000,1.000,0.000,0.000,0.000,0.000,0.000,0.000,0.000,0.000,"",
39.820,Right,-3.795,-0.279,-1.239,0.000,1.000,0.000,0.000,0.000,0.000,0.000,0.000,0.000,0.000,"",
39.833,Right,-3.795,-0.279,-1.239,0.000,1.000,0.000,0.000,0.000,0.000,0.000,0.000,0.000,0.000,"",
39.848,Right,-3.795,-0.279,-1.239,0.000,1.000,0.000,0.000,0.000,0.000,0.000,0.000,0.000,0.000,"",
39.861,Right,-3.795,-0.279,-1.239,0.000,1.000,0.000,0.000,0.000,0.000,0.000,0.000,0.000,0.000,"",
39.875,Right,-3.795,-0.279,-1.239,0.000,1.000,0.000,0.000,0.000,0.000,0.000,0.000,0.000,0.000,"",
39.886,Right,-3.795,-0.279,-1.239,0.000,1.000,0.000,0.000,0.000,0.000,0.000,0.000,0.000,0.000,"",
39.902,Right,-3.795,-0.279,-1.239,0.000,1.000,0.000,0.000,0.000,0.000,0.000,0.000,0.000,0.000,"",
39.915,Right,-3.795,-0.279,-1.239,0.000,1.000,0.000,0.000,0.000,0.000,0.000,0.000,0.000,0.000,"",
39.928,Right,-3.795,-0.279,-1.239,0.000,1.000,0.000,0.000,0.000,0.000,0.000,0.000,0.000,0.000,"",
39.943,Right,-3.795,-0.279,-1.239,0.000,1.000,0.000,0.000,0.000,0.000,0.000,0.000,0.000,0.000,"",
39.957,Right,-3.795,-0.279,-1.239,0.000,1.000,0.000,0.000,0.000,0.000,0.000,0.000,0.000,0.000,"",
39.969,Right,-3.795,-0.279,-1.239,0.000,1.000,0.000,0.000,0.000,0.000,0.000,0.000,0.000,0.000,"",
39.984,Right,-3.795,-0.279,-1.239,0.000,1.000,0.000,0.000,0.000,0.000,0.000,0.000,0.000,0.000,"",
39.999,Right,-3.795,-0.279,-1.239,0.000,1.000,0.000,0.000,0.000,0.000,0.000,0.000,0.000,0.000,"",
40.011,Right,-3.795,-0.279,-1.239,0.000,1.000,0.000,0.000,0.000,0.000,0.000,0.000,0.000,0.000,"",
40.026,Right,-3.795,-0.279,-1.239,0.000,1.000,0.000,0.000,0.000,0.000,0.000,0.000,0.000,0.000,"",
40.040,Right,-3.795,-0.279,-1.239,0.000,1.000,0.000,0.000,0.000,0.000,0.000,0.000,0.000,0.000,"",
40.052,Right,-3.795,-0.279,-1.239,0.000,1.000,0.000,0.000,0.000,0.000,0.000,0.000,0.000,0.000,"",
40.067,Right,-3.795,-0.279,-1.239,0.000,1.000,0.000,0.000,0.000,0.000,0.000,0.000,0.000,0.000,"",
40.081,Right,-3.795,-0.279,-1.239,0.000,1.000,0.000,0.000,0.000,0.000,0.000,0.000,0.000,0.000,"",
40.096,Right,-3.795,-0.279,-1.239,0.000,1.000,0.000,0.000,0.000,0.000,0.000,0.000,0.000,0.000,"",
40.107,Right,-3.795,-0.279,-1.239,0.000,1.000,0.000,0.000,0.000,0.000,0.000,0.000,0.000,0.000,"",
40.122,Right,-3.795,-0.279,-1.239,0.000,1.000,0.000,0.000,0.000,0.000,0.000,0.000,0.000,0.000,"",
40.137,Right,-3.795,-0.279,-1.239,0.000,1.000,0.000,0.000,0.000,0.000,0.000,0.000,0.000,0.000,"",
40.149,Right,-3.795,-0.279,-1.239,0.000,1.000,0.000,0.000,0.000,0.000,0.000,0.000,0.000,0.000,"",
40.164,Right,-3.795,-0.279,-1.239,0.000,1.000,0.000,0.000,0.000,0.000,0.000,0.000,0.000,0.000,"",
40.178,Right,-3.795,-0.279,-1.239,0.000,1.000,0.000,0.000,0.000,0.000,0.000,0.000,0.000,0.000,"",
40.190,Right,-3.795,-0.279,-1.239,0.000,1.000,0.000,0.000,0.000,0.000,0.000,0.000,0.000,0.000,"",
40.206,Right,-3.795,-0.279,-1.239,0.000,1.000,0.000,0.000,0.000,0.000,0.000,0.000,0.000,0.000,"",
40.220,Right,-3.795,-0.279,-1.239,0.000,1.000,0.000,0.000,0.000,0.000,0.000,0.000,0.000,0.000,"",
40.232,Right,-3.795,-0.279,-1.239,0.000,1.000,0.000,0.000,0.000,0.000,0.000,0.000,0.000,0.000,"",
40.248,Right,-3.795,-0.279,-1.239,0.000,1.000,0.000,0.000,0.000,0.000,0.000,0.000,0.000,0.000,"",
40.262,Right,-3.795,-0.279,-1.239,0.000,1.000,0.000,0.000,0.000,0.000,0.000,0.000,0.000,0.000,"",
40.276,Right,-3.795,-0.279,-1.239,0.000,1.000,0.000,0.000,0.000,0.000,0.000,0.000,0.000,0.000,"",
40.289,Right,-3.795,-0.279,-1.239,0.000,1.000,0.000,0.000,0.000,0.000,0.000,0.000,0.000,0.000,"",
40.304,Right,-3.795,-0.279,-1.239,0.000,1.000,0.000,0.000,0.000,0.000,0.000,0.000,0.000,0.000,"",
40.317,Right,-3.795,-0.279,-1.239,0.000,1.000,0.000,0.000,0.000,0.000,0.000,0.000,0.000,0.000,"",
40.330,Right,-3.795,-0.279,-1.239,0.000,1.000,0.000,0.000,0.000,0.000,0.000,0.000,0.000,0.000,"",
40.346,Right,-3.795,-0.279,-1.239,0.000,1.000,0.000,0.000,0.000,0.000,0.000,0.000,0.000,0.000,"",
40.359,Right,-3.795,-0.279,-1.239,0.000,1.000,0.000,0.000,0.000,0.000,0.000,0.000,0.000,0.000,"",
40.372,Right,-3.795,-0.279,-1.239,0.000,1.000,0.000,0.000,0.000,0.000,0.000,0.000,0.000,0.000,"",
40.388,Right,-3.795,-0.279,-1.239,0.000,1.000,0.000,0.000,0.000,0.000,0.000,0.000,0.000,0.000,"",
40.401,Right,-3.795,-0.279,-1.239,0.000,1.000,0.000,0.000,0.000,0.000,0.000,0.000,0.000,0.000,"",
40.415,Right,-3.795,-0.279,-1.239,0.000,1.000,0.000,0.000,0.000,0.000,0.000,0.000,0.000,0.000,"",
40.429,Right,-3.795,-0.279,-1.239,0.000,1.000,0.000,0.000,0.000,0.000,0.000,0.000,0.000,0.000,"",
40.443,Right,-3.795,-0.279,-1.239,0.000,1.000,0.000,0.000,0.000,0.000,0.000,0.000,0.000,0.000,"",
40.457,Right,-3.795,-0.279,-1.239,0.000,1.000,0.000,0.000,0.000,0.000,0.000,0.000,0.000,0.000,"",
40.470,Right,-3.795,-0.279,-1.239,0.000,1.000,0.000,0.000,0.000,0.000,0.000,0.000,0.000,0.000,"",
40.485,Right,-3.795,-0.279,-1.239,0.000,1.000,0.000,0.000,0.000,0.000,0.000,0.000,0.000,0.000,"",
40.500,Right,-3.795,-0.279,-1.239,0.000,1.000,0.000,0.000,0.000,0.000,0.000,0.000,0.000,0.000,"",
40.512,Right,-3.795,-0.279,-1.239,0.000,1.000,0.000,0.000,0.000,0.000,0.000,0.000,0.000,0.000,"",
40.528,Right,-3.795,-0.279,-1.239,0.000,1.000,0.000,0.000,0.000,0.000,0.000,0.000,0.000,0.000,"",
40.543,Right,-3.795,-0.279,-1.239,0.000,1.000,0.000,0.000,0.000,0.000,0.000,0.000,0.000,0.000,"",
40.556,Right,-3.795,-0.279,-1.239,0.000,1.000,0.000,0.000,0.000,0.000,0.000,0.000,0.000,0.000,"",
40.568,Right,-3.795,-0.279,-1.239,0.000,1.000,0.000,0.000,0.000,0.000,0.000,0.000,0.000,0.000,"",
40.583,Right,-3.795,-0.279,-1.239,0.000,1.000,0.000,0.000,0.000,0.000,0.000,0.000,0.000,0.000,"",
40.597,Right,-3.795,-0.279,-1.239,0.000,1.000,0.000,0.000,0.000,0.000,0.000,0.000,0.000,0.000,"",
40.610,Right,-3.795,-0.279,-1.239,0.000,1.000,0.000,0.000,0.000,0.000,0.000,0.000,0.000,0.000,"",
40.625,Right,-3.795,-0.279,-1.239,0.000,1.000,0.000,0.000,0.000,0.000,0.000,0.000,0.000,0.000,"",
40.639,Right,-3.795,-0.279,-1.239,0.000,1.000,0.000,0.000,0.000,0.000,0.000,0.000,0.000,0.000,"",
40.652,Right,-3.795,-0.279,-1.239,0.000,1.000,0.000,0.000,0.000,0.000,0.000,0.000,0.000,0.000,"",
40.667,Right,-3.795,-0.279,-1.239,0.000,1.000,0.000,0.000,0.000,0.000,0.000,0.000,0.000,0.000,"",
40.681,Right,-3.795,-0.279,-1.239,0.000,1.000,0.000,0.000,0.000,0.000,0.000,0.000,0.000,0.000,"",
40.694,Right,-3.795,-0.279,-1.239,0.000,1.000,0.000,0.000,0.000,0.000,0.000,0.000,0.000,0.000,"",
40.707,Right,-3.795,-0.279,-1.239,0.000,1.000,0.000,0.000,0.000,0.000,0.000,0.000,0.000,0.000,"",
40.722,Right,-3.795,-0.279,-1.239,0.000,1.000,0.000,0.000,0.000,0.000,0.000,0.000,0.000,0.000,"",
40.736,Right,-3.795,-0.279,-1.239,0.000,1.000,0.000,0.000,0.000,0.000,0.000,0.000,0.000,0.000,"",
40.749,Right,-3.795,-0.279,-1.239,0.000,1.000,0.000,0.000,0.000,0.000,0.000,0.000,0.000,0.000,"",
40.764,Right,-3.795,-0.279,-1.239,0.000,1.000,0.000,0.000,0.000,0.000,0.000,0.000,0.000,0.000,"",
40.778,Right,-3.795,-0.279,-1.239,0.000,1.000,0.000,0.000,0.000,0.000,0.000,0.000,0.000,0.000,"",
40.790,Right,-3.795,-0.279,-1.239,0.000,1.000,0.000,0.000,0.000,0.000,0.000,0.000,0.000,0.000,"",
40.806,Right,-3.795,-0.279,-1.239,0.000,1.000,0.000,0.000,0.000,0.000,0.000,0.000,0.000,0.000,"",
40.819,Right,-3.795,-0.279,-1.239,0.000,1.000,0.000,0.000,0.000,0.000,0.000,0.000,0.000,0.000,"",
40.832,Right,-3.795,-0.279,-1.239,0.000,1.000,0.000,0.000,0.000,0.000,0.000,0.000,0.000,0.000,"",
40.848,Right,-3.795,-0.279,-1.239,0.000,1.000,0.000,0.000,0.000,0.000,0.000,0.000,0.000,0.000,"",
40.862,Right,-3.795,-0.279,-1.239,0.000,1.000,0.000,0.000,0.000,0.000,0.000,0.000,0.000,0.000,"",
40.876,Right,-3.795,-0.279,-1.239,0.000,1.000,0.000,0.000,0.000,0.000,0.000,0.000,0.000,0.000,"",
40.889,Right,-3.795,-0.279,-1.239,0.000,1.000,0.000,0.000,0.000,0.000,0.000,0.000,0.000,0.000,"",
40.904,Right,-3.795,-0.279,-1.239,0.000,1.000,0.000,0.000,0.000,0.000,0.000,0.000,0.000,0.000,"",
40.917,Right,-3.795,-0.279,-1.239,0.000,1.000,0.000,0.000,0.000,0.000,0.000,0.000,0.000,0.000,"",
40.931,Right,-3.795,-0.279,-1.239,0.000,1.000,0.000,0.000,0.000,0.000,0.000,0.000,0.000,0.000,"",
40.946,Right,-3.795,-0.279,-1.239,0.000,1.000,0.000,0.000,0.000,0.000,0.000,0.000,0.000,0.000,"",
40.959,Right,-3.795,-0.279,-1.239,0.000,1.000,0.000,0.000,0.000,0.000,0.000,0.000,0.000,0.000,"",
40.972,Right,-3.795,-0.279,-1.239,0.000,1.000,0.000,0.000,0.000,0.000,0.000,0.000,0.000,0.000,"",
40.986,Right,-3.795,-0.279,-1.239,0.000,1.000,0.000,0.000,0.000,0.000,0.000,0.000,0.000,0.000,"",
41.000,Right,-3.795,-0.279,-1.239,0.000,1.000,0.000,0.000,0.000,0.000,0.000,0.000,0.000,0.000,"",
41.015,Right,-3.795,-0.279,-1.239,0.000,1.000,0.000,0.000,0.000,0.000,0.000,0.000,0.000,0.000,"",
41.026,Right,-3.795,-0.279,-1.239,0.000,1.000,0.000,0.000,0.000,0.000,0.000,0.000,0.000,0.000,"",
41.042,Right,-3.795,-0.279,-1.239,0.000,1.000,0.000,0.000,0.000,0.000,0.000,0.000,0.000,0.000,"",
41.057,Right,-3.795,-0.279,-1.239,0.000,1.000,0.000,0.000,0.000,0.000,0.000,0.000,0.000,0.000,"",
41.069,Right,-3.795,-0.279,-1.239,0.000,1.000,0.000,0.000,0.000,0.000,0.000,0.000,0.000,0.000,"",
41.083,Right,-3.795,-0.279,-1.239,0.000,1.000,0.000,0.000,0.000,0.000,0.000,0.000,0.000,0.000,"",
41.098,Right,-3.795,-0.279,-1.239,0.000,1.000,0.000,0.000,0.000,0.000,0.000,0.000,0.000,0.000,"",
41.111,Right,-3.795,-0.279,-1.239,0.000,1.000,0.000,0.000,0.000,0.000,0.000,0.000,0.000,0.000,"",
41.127,Right,-3.795,-0.279,-1.239,0.000,1.000,0.000,0.000,0.000,0.000,0.000,0.000,0.000,0.000,"",
41.143,Right,-3.795,-0.279,-1.239,0.000,1.000,0.000,0.000,0.000,0.000,0.000,0.000,0.000,0.000,"",
41.154,Right,-3.795,-0.279,-1.239,0.000,1.000,0.000,0.000,0.000,0.000,0.000,0.000,0.000,0.000,"",
41.167,Right,-3.795,-0.279,-1.239,0.000,1.000,0.000,0.000,0.000,0.000,0.000,0.000,0.000,0.000,"",
41.181,Right,-3.795,-0.279,-1.239,0.000,1.000,0.000,0.000,0.000,0.000,0.000,0.000,0.000,0.000,"",
41.195,Right,-3.795,-0.279,-1.239,0.000,1.000,0.000,0.000,0.000,0.000,0.000,0.000,0.000,0.000,"",
41.207,Right,-3.795,-0.279,-1.239,0.000,1.000,0.000,0.000,0.000,0.000,0.000,0.000,0.000,0.000,"",
41.223,Right,-3.795,-0.279,-1.239,0.000,1.000,0.000,0.000,0.000,0.000,0.000,0.000,0.000,0.000,"",
41.236,Right,-3.795,-0.279,-1.239,0.000,1.000,0.000,0.000,0.000,0.000,0.000,0.000,0.000,0.000,"",
41.249,Right,-3.795,-0.279,-1.239,0.000,1.000,0.000,0.000,0.000,0.000,0.000,0.000,0.000,0.000,"",
41.265,Right,-3.795,-0.279,-1.239,0.000,1.000,0.000,0.000,0.000,0.000,0.000,0.000,0.000,0.000,"",
41.279,Right,-3.795,-0.279,-1.239,0.000,1.000,0.000,0.000,0.000,0.000,0.000,0.000,0.000,0.000,"",
41.291,Right,-3.795,-0.279,-1.239,0.000,1.000,0.000,0.000,0.000,0.000,0.000,0.000,0.000,0.000,"",
41.307,Right,-3.795,-0.279,-1.239,0.000,1.000,0.000,0.000,0.000,0.000,0.000,0.000,0.000,0.000,"",
41.321,Right,-3.795,-0.279,-1.239,0.000,1.000,0.000,0.000,0.000,0.000,0.000,0.000,0.000,0.000,"",
41.334,Right,-3.795,-0.279,-1.239,0.000,1.000,0.000,0.000,0.000,0.000,0.000,0.000,0.000,0.000,"",
41.347,Right,-3.795,-0.279,-1.239,0.000,1.000,0.000,0.000,0.000,0.000,0.000,0.000,0.000,0.000,"",
41.363,Right,-3.795,-0.279,-1.239,0.000,1.000,0.000,0.000,0.000,0.000,0.000,0.000,0.000,0.000,"",
41.377,Right,-3.795,-0.279,-1.239,0.000,1.000,0.000,0.000,0.000,0.000,0.000,0.000,0.000,0.000,"",
41.390,Right,-3.795,-0.279,-1.239,0.000,1.000,0.000,0.000,0.000,0.000,0.000,0.000,0.000,0.000,"",
41.405,Right,-3.795,-0.279,-1.239,0.000,1.000,0.000,0.000,0.000,0.000,0.000,0.000,0.000,0.000,"",
41.419,Right,-3.795,-0.279,-1.239,0.000,1.000,0.000,0.000,0.000,0.000,0.000,0.000,0.000,0.000,"",
41.432,Right,-3.795,-0.279,-1.239,0.000,1.000,0.000,0.000,0.000,0.000,0.000,0.000,0.000,0.000,"",
41.447,Right,-3.795,-0.279,-1.239,0.000,1.000,0.000,0.000,0.000,0.000,0.000,0.000,0.000,0.000,"",
41.461,Right,-3.795,-0.279,-1.239,0.000,1.000,0.000,0.000,0.000,0.000,0.000,0.000,0.000,0.000,"",
41.475,Right,-3.795,-0.279,-1.239,0.000,1.000,0.000,0.000,0.000,0.000,0.000,0.000,0.000,0.000,"",
41.488,Right,-3.795,-0.279,-1.239,0.000,1.000,0.000,0.000,0.000,0.000,0.000,0.000,0.000,0.000,"",
41.503,Right,-3.795,-0.279,-1.239,0.000,1.000,0.000,0.000,0.000,0.000,0.000,0.000,0.000,0.000,"",
41.517,Right,-3.795,-0.279,-1.239,0.000,1.000,0.000,0.000,0.000,0.000,0.000,0.000,0.000,0.000,"",
41.529,Right,-3.795,-0.279,-1.239,0.000,1.000,0.000,0.000,0.000,0.000,0.000,0.000,0.000,0.000,"",
41.544,Right,-3.795,-0.279,-1.239,0.000,1.000,0.000,0.000,0.000,0.000,0.000,0.000,0.000,0.000,"",
41.559,Right,-3.795,-0.279,-1.239,0.000,1.000,0.000,0.000,0.000,0.000,0.000,0.000,0.000,0.000,"",
41.571,Right,-3.795,-0.279,-1.239,0.000,1.000,0.000,0.000,0.000,0.000,0.000,0.000,0.000,0.000,"",
41.586,Right,-3.795,-0.279,-1.239,0.000,1.000,0.000,0.000,0.000,0.000,0.000,0.000,0.000,0.000,"",
41.600,Right,-3.795,-0.279,-1.239,0.000,1.000,0.000,0.000,0.000,0.000,0.000,0.000,0.000,0.000,"",
41.613,Right,-3.795,-0.279,-1.239,0.000,1.000,0.000,0.000,0.000,0.000,0.000,0.000,0.000,0.000,"",
41.626,Right,-3.795,-0.279,-1.239,0.000,1.000,0.000,0.000,0.000,0.000,0.000,0.000,0.000,0.000,"",
41.642,Right,-3.795,-0.279,-1.239,0.000,1.000,0.000,0.000,0.000,0.000,0.000,0.000,0.000,0.000,"",
41.656,Right,-3.795,-0.279,-1.239,0.000,1.000,0.000,0.000,0.000,0.000,0.000,0.000,0.000,0.000,"",
41.668,Right,-3.795,-0.279,-1.239,0.000,1.000,0.000,0.000,0.000,0.000,0.000,0.000,0.000,0.000,"",
41.683,Right,-3.795,-0.279,-1.239,0.000,1.000,0.000,0.000,0.000,0.000,0.000,0.000,0.000,0.000,"",
41.698,Right,-3.795,-0.279,-1.239,0.000,1.000,0.000,0.000,0.000,0.000,0.000,0.000,0.000,0.000,"",
41.710,Right,-3.795,-0.279,-1.239,0.000,1.000,0.000,0.000,0.000,0.000,0.000,0.000,0.000,0.000,"",
41.725,Right,-3.795,-0.279,-1.239,0.000,1.000,0.000,0.000,0.000,0.000,0.000,0.000,0.000,0.000,"",
41.738,Right,-3.795,-0.279,-1.239,0.000,1.000,0.000,0.000,0.000,0.000,0.000,0.000,0.000,0.000,"",
41.751,Right,-3.795,-0.279,-1.239,0.000,1.000,0.000,0.000,0.000,0.000,0.000,0.000,0.000,0.000,"",
41.767,Right,-3.795,-0.279,-1.239,0.000,1.000,0.000,0.000,0.000,0.000,0.000,0.000,0.000,0.000,"",
41.780,Right,-3.795,-0.279,-1.239,0.000,1.000,0.000,0.000,0.000,0.000,0.000,0.000,0.000,0.000,"",
41.794,Right,-3.795,-0.279,-1.239,0.000,1.000,0.000,0.000,0.000,0.000,0.000,0.000,0.000,0.000,"",
41.807,Right,-3.795,-0.279,-1.239,0.000,1.000,0.000,0.000,0.000,0.000,0.000,0.000,0.000,0.000,"",
41.822,Right,-3.795,-0.279,-1.239,0.000,1.000,0.000,0.000,0.000,0.000,0.000,0.000,0.000,0.000,"",
41.836,Right,-3.795,-0.279,-1.239,0.000,1.000,0.000,0.000,0.000,0.000,0.000,0.000,0.000,0.000,"",
41.849,Right,-3.795,-0.279,-1.239,0.000,1.000,0.000,0.000,0.000,0.000,0.000,0.000,0.000,0.000,"",
41.864,Right,-3.795,-0.279,-1.239,0.000,1.000,0.000,0.000,0.000,0.000,0.000,0.000,0.000,0.000,"",
41.878,Right,-3.795,-0.279,-1.239,0.000,1.000,0.000,0.000,0.000,0.000,0.000,0.000,0.000,0.000,"",
41.891,Right,-3.795,-0.279,-1.239,0.000,1.000,0.000,0.000,0.000,0.000,0.000,0.000,0.000,0.000,"",
41.906,Right,-3.795,-0.279,-1.239,0.000,1.000,0.000,0.000,0.000,0.000,0.000,0.000,0.000,0.000,"",
41.920,Right,-3.795,-0.279,-1.239,0.000,1.000,0.000,0.000,0.000,0.000,0.000,0.000,0.000,0.000,"",
41.933,Right,-3.795,-0.279,-1.239,0.000,1.000,0.000,0.000,0.000,0.000,0.000,0.000,0.000,0.000,"",
41.947,Right,-3.795,-0.279,-1.239,0.000,1.000,0.000,0.000,0.000,0.000,0.000,0.000,0.000,0.000,"",
41.961,Right,-3.795,-0.279,-1.239,0.000,1.000,0.000,0.000,0.000,0.000,0.000,0.000,0.000,0.000,"",
41.976,Right,-3.795,-0.279,-1.239,0.000,1.000,0.000,0.000,0.000,0.000,0.000,0.000,0.000,0.000,"",
41.988,Right,-3.795,-0.279,-1.239,0.000,1.000,0.000,0.000,0.000,0.000,0.000,0.000,0.000,0.000,"",
42.003,Right,-3.795,-0.279,-1.239,0.000,1.000,0.000,0.000,0.000,0.000,0.000,0.000,0.000,0.000,"",
42.017,Right,-3.795,-0.279,-1.239,0.000,1.000,0.000,0.000,0.000,0.000,0.000,0.000,0.000,0.000,"",
42.029,Right,-3.795,-0.279,-1.239,0.000,1.000,0.000,0.000,0.000,0.000,0.000,0.000,0.000,0.000,"",
42.045,Right,-3.795,-0.279,-1.239,0.000,1.000,0.000,0.000,0.000,0.000,0.000,0.000,0.000,0.000,"",
42.059,Right,-3.795,-0.279,-1.239,0.000,1.000,0.000,0.000,0.000,0.000,0.000,0.000,0.000,0.000,"",
42.072,Right,-3.795,-0.279,-1.239,0.000,1.000,0.000,0.000,0.000,0.000,0.000,0.000,0.000,0.000,"",
42.087,Right,-3.795,-0.279,-1.239,0.000,1.000,0.000,0.000,0.000,0.000,0.000,0.000,0.000,0.000,"",
42.101,Right,-3.795,-0.279,-1.239,0.000,1.000,0.000,0.000,0.000,0.000,0.000,0.000,0.000,0.000,"",
42.114,Right,-3.795,-0.279,-1.239,0.000,1.000,0.000,0.000,0.000,0.000,0.000,0.000,0.000,0.000,"",
42.127,Right,-3.795,-0.279,-1.239,0.000,1.000,0.000,0.000,0.000,0.000,0.000,0.000,0.000,0.000,"",
42.142,Right,-3.795,-0.279,-1.239,0.000,1.000,0.000,0.000,0.000,0.000,0.000,0.000,0.000,0.000,"",
42.157,Right,-3.795,-0.279,-1.239,0.000,1.000,0.000,0.000,0.000,0.000,0.000,0.000,0.000,0.000,"",
42.169,Right,-3.795,-0.279,-1.239,0.000,1.000,0.000,0.000,0.000,0.000,0.000,0.000,0.000,0.000,"",
42.184,Right,-3.795,-0.279,-1.239,0.000,1.000,0.000,0.000,0.000,0.000,0.000,0.000,0.000,0.000,"",
42.198,Right,-3.795,-0.279,-1.239,0.000,1.000,0.000,0.000,0.000,0.000,0.000,0.000,0.000,0.000,"",
42.211,Right,-3.795,-0.279,-1.239,0.000,1.000,0.000,0.000,0.000,0.000,0.000,0.000,0.000,0.000,"",
42.227,Right,-3.795,-0.279,-1.239,0.000,1.000,0.000,0.000,0.000,0.000,0.000,0.000,0.000,0.000,"",
42.240,Right,-3.795,-0.279,-1.239,0.000,1.000,0.000,0.000,0.000,0.000,0.000,0.000,0.000,0.000,"",
42.252,Right,-3.795,-0.279,-1.239,0.000,1.000,0.000,0.000,0.000,0.000,0.000,0.000,0.000,0.000,"",
42.268,Right,-3.795,-0.279,-1.239,0.000,1.000,0.000,0.000,0.000,0.000,0.000,0.000,0.000,0.000,"",
42.281,Right,-3.795,-0.279,-1.239,0.000,1.000,0.000,0.000,0.000,0.000,0.000,0.000,0.000,0.000,"",
42.296,Right,-3.795,-0.279,-1.239,0.000,1.000,0.000,0.000,0.000,0.000,0.000,0.000,0.000,0.000,"",
42.309,Right,-3.795,-0.279,-1.239,0.000,1.000,0.000,0.000,0.000,0.000,0.000,0.000,0.000,0.000,"",
42.324,Right,-3.795,-0.279,-1.239,0.000,1.000,0.000,0.000,0.000,0.000,0.000,0.000,0.000,0.000,"",
42.338,Right,-3.795,-0.279,-1.239,0.000,1.000,0.000,0.000,0.000,0.000,0.000,0.000,0.000,0.000,"",
42.350,Right,-3.795,-0.279,-1.239,0.000,1.000,0.000,0.000,0.000,0.000,0.000,0.000,0.000,0.000,"",
42.365,Right,-3.795,-0.279,-1.239,0.000,1.000,0.000,0.000,0.000,0.000,0.000,0.000,0.000,0.000,"",
42.379,Right,-3.795,-0.279,-1.239,0.000,1.000,0.000,0.000,0.000,0.000,0.000,0.000,0.000,0.000,"",
42.392,Right,-3.795,-0.279,-1.239,0.000,1.000,0.000,0.000,0.000,0.000,0.000,0.000,0.000,0.000,"",
42.407,Right,-3.795,-0.279,-1.239,0.000,1.000,0.000,0.000,0.000,0.000,0.000,0.000,0.000,0.000,"",
42.421,Right,-3.795,-0.279,-1.239,0.000,1.000,0.000,0.000,0.000,0.000,0.000,0.000,0.000,0.000,"",
42.435,Right,-3.795,-0.279,-1.239,0.000,1.000,0.000,0.000,0.000,0.000,0.000,0.000,0.000,0.000,"",
42.447,Right,-3.795,-0.279,-1.239,0.000,1.000,0.000,0.000,0.000,0.000,0.000,0.000,0.000,0.000,"",
42.463,Right,-3.795,-0.279,-1.239,0.000,1.000,0.000,0.000,0.000,0.000,0.000,0.000,0.000,0.000,"",
42.477,Right,-3.795,-0.279,-1.239,0.000,1.000,0.000,0.000,0.000,0.000,0.000,0.000,0.000,0.000,"",
42.489,Right,-3.795,-0.279,-1.239,0.000,1.000,0.000,0.000,0.000,0.000,0.000,0.000,0.000,0.000,"",
42.505,Right,-3.795,-0.279,-1.239,0.000,1.000,0.000,0.000,0.000,0.000,0.000,0.000,0.000,0.000,"",
42.518,Right,-3.795,-0.279,-1.239,0.000,1.000,0.000,0.000,0.000,0.000,0.000,0.000,0.000,0.000,"",
42.531,Right,-3.795,-0.279,-1.239,0.000,1.000,0.000,0.000,0.000,0.000,0.000,0.000,0.000,0.000,"",
42.545,Right,-3.795,-0.279,-1.239,0.000,1.000,0.000,0.000,0.000,0.000,0.000,0.000,0.000,0.000,"",
42.560,Right,-3.795,-0.279,-1.239,0.000,1.000,0.000,0.000,0.000,0.000,0.000,0.000,0.000,0.000,"",
42.574,Right,-3.795,-0.279,-1.239,0.000,1.000,0.000,0.000,0.000,0.000,0.000,0.000,0.000,0.000,"",
42.587,Right,-3.795,-0.279,-1.239,0.000,1.000,0.000,0.000,0.000,0.000,0.000,0.000,0.000,0.000,"",
42.602,Right,-3.795,-0.279,-1.239,0.000,1.000,0.000,0.000,0.000,0.000,0.000,0.000,0.000,0.000,"",
42.615,Right,-3.795,-0.279,-1.239,0.000,1.000,0.000,0.000,0.000,0.000,0.000,0.000,0.000,0.000,"",
42.628,Right,-3.795,-0.279,-1.239,0.000,1.000,0.000,0.000,0.000,0.000,0.000,0.000,0.000,0.000,"",
42.644,Right,-3.795,-0.279,-1.239,0.000,1.000,0.000,0.000,0.000,0.000,0.000,0.000,0.000,0.000,"",
42.658,Right,-3.795,-0.279,-1.239,0.000,1.000,0.000,0.000,0.000,0.000,0.000,0.000,0.000,0.000,"",
42.670,Right,-3.795,-0.279,-1.239,0.000,1.000,0.000,0.000,0.000,0.000,0.000,0.000,0.000,0.000,"",
42.686,Right,-3.795,-0.279,-1.239,0.000,1.000,0.000,0.000,0.000,0.000,0.000,0.000,0.000,0.000,"",
42.701,Right,-3.795,-0.279,-1.239,0.000,1.000,0.000,0.000,0.000,0.000,0.000,0.000,0.000,0.000,"",
42.716,Right,-3.795,-0.279,-1.239,0.000,1.000,0.000,0.000,0.000,0.000,0.000,0.000,0.000,0.000,"",
42.727,Right,-3.795,-0.279,-1.239,0.000,1.000,0.000,0.000,0.000,0.000,0.000,0.000,0.000,0.000,"",
42.742,Right,-3.795,-0.279,-1.239,0.000,1.000,0.000,0.000,0.000,0.000,0.000,0.000,0.000,0.000,"",
42.756,Right,-3.795,-0.279,-1.239,0.000,1.000,0.000,0.000,0.000,0.000,0.000,0.000,0.000,0.000,"",
42.769,Right,-3.795,-0.279,-1.239,0.000,1.000,0.000,0.000,0.000,0.000,0.000,0.000,0.000,0.000,"",
42.785,Right,-3.795,-0.279,-1.239,0.000,1.000,0.000,0.000,0.000,0.000,0.000,0.000,0.000,0.000,"",
42.799,Right,-3.795,-0.279,-1.239,0.000,1.000,0.000,0.000,0.000,0.000,0.000,0.000,0.000,0.000,"",
42.811,Right,-3.795,-0.279,-1.239,0.000,1.000,0.000,0.000,0.000,0.000,0.000,0.000,0.000,0.000,"",
42.826,Right,-3.795,-0.279,-1.239,0.000,1.000,0.000,0.000,0.000,0.000,0.000,0.000,0.000,0.000,"",
42.840,Right,-3.795,-0.279,-1.239,0.000,1.000,0.000,0.000,0.000,0.000,0.000,0.000,0.000,0.000,"",
42.852,Right,-3.795,-0.279,-1.239,0.000,1.000,0.000,0.000,0.000,0.000,0.000,0.000,0.000,0.000,"",
42.867,Right,-3.795,-0.279,-1.239,0.000,1.000,0.000,0.000,0.000,0.000,0.000,0.000,0.000,0.000,"",
42.881,Right,-3.795,-0.279,-1.239,0.000,1.000,0.000,0.000,0.000,0.000,0.000,0.000,0.000,0.000,"",
42.895,Right,-3.795,-0.279,-1.239,0.000,1.000,0.000,0.000,0.000,0.000,0.000,0.000,0.000,0.000,"",
42.906,Right,-3.795,-0.279,-1.239,0.000,1.000,0.000,0.000,0.000,0.000,0.000,0.000,0.000,0.000,"",
42.920,Right,-3.795,-0.279,-1.239,0.000,1.000,0.000,0.000,0.000,0.000,0.000,0.000,0.000,0.000,"",
42.935,Right,-3.795,-0.279,-1.239,0.000,1.000,0.000,0.000,0.000,0.000,0.000,0.000,0.000,0.000,"",
42.948,Right,-3.795,-0.279,-1.239,0.000,1.000,0.000,0.000,0.000,0.000,0.000,0.000,0.000,0.000,"",
42.963,Right,-3.795,-0.279,-1.239,0.000,1.000,0.000,0.000,0.000,0.000,0.000,0.000,0.000,0.000,"",
42.979,Right,-3.795,-0.279,-1.239,0.000,1.000,0.000,0.000,0.000,0.000,0.000,0.000,0.000,0.000,"",
42.989,Right,-3.795,-0.279,-1.239,0.000,1.000,0.000,0.000,0.000,0.000,0.000,0.000,0.000,0.000,"",
43.005,Right,-3.795,-0.279,-1.239,0.000,1.000,0.000,0.000,0.000,0.000,0.000,0.000,0.000,0.000,"",
43.018,Right,-3.795,-0.279,-1.239,0.000,1.000,0.000,0.000,0.000,0.000,0.000,0.000,0.000,0.000,"",
43.030,Right,-3.795,-0.279,-1.239,0.000,1.000,0.000,0.000,0.000,0.000,0.000,0.000,0.000,0.000,"",
43.046,Right,-3.795,-0.279,-1.239,0.000,1.000,0.000,0.000,0.000,0.000,0.000,0.000,0.000,0.000,"",
43.060,Right,-3.795,-0.279,-1.239,0.000,1.000,0.000,0.000,0.000,0.000,0.000,0.000,0.000,0.000,"",
43.074,Right,-3.795,-0.279,-1.239,0.000,1.000,0.000,0.000,0.000,0.000,0.000,0.000,0.000,0.000,"",
43.087,Right,-3.795,-0.279,-1.239,0.000,1.000,0.000,0.000,0.000,0.000,0.000,0.000,0.000,0.000,"",
43.104,Right,-3.795,-0.279,-1.239,0.000,1.000,0.000,0.000,0.000,0.000,0.000,0.000,0.000,0.000,"",
43.117,Right,-3.795,-0.279,-1.239,0.000,1.000,0.000,0.000,0.000,0.000,0.000,0.000,0.000,0.000,"",
43.129,Right,-3.795,-0.279,-1.239,0.000,1.000,0.000,0.000,0.000,0.000,0.000,0.000,0.000,0.000,"",
43.144,Right,-3.795,-0.279,-1.239,0.000,1.000,0.000,0.000,0.000,0.000,0.000,0.000,0.000,0.000,"",
43.157,Right,-3.795,-0.279,-1.239,0.000,1.000,0.000,0.000,0.000,0.000,0.000,0.000,0.000,0.000,"",
43.172,Right,-3.795,-0.279,-1.239,0.000,1.000,0.000,0.000,0.000,0.000,0.000,0.000,0.000,0.000,"",
43.186,Right,-3.795,-0.279,-1.239,0.000,1.000,0.000,0.000,0.000,0.000,0.000,0.000,0.000,0.000,"",
43.199,Right,-3.795,-0.279,-1.239,0.000,1.000,0.000,0.000,0.000,0.000,0.000,0.000,0.000,0.000,"",
43.212,Right,-3.795,-0.279,-1.239,0.000,1.000,0.000,0.000,0.000,0.000,0.000,0.000,0.000,0.000,"",
43.228,Right,-3.795,-0.279,-1.239,0.000,1.000,0.000,0.000,0.000,0.000,0.000,0.000,0.000,0.000,"",
43.241,Right,-3.795,-0.279,-1.239,0.000,1.000,0.000,0.000,0.000,0.000,0.000,0.000,0.000,0.000,"",
43.255,Right,-3.795,-0.279,-1.239,0.000,1.000,0.000,0.000,0.000,0.000,0.000,0.000,0.000,0.000,"",
43.268,Right,-3.795,-0.279,-1.239,0.000,1.000,0.000,0.000,0.000,0.000,0.000,0.000,0.000,0.000,"",
43.284,Right,-3.795,-0.279,-1.239,0.000,1.000,0.000,0.000,0.000,0.000,0.000,0.000,0.000,0.000,"",
43.298,Right,-3.795,-0.279,-1.239,0.000,1.000,0.000,0.000,0.000,0.000,0.000,0.000,0.000,0.000,"",
43.310,Right,-3.795,-0.279,-1.239,0.000,1.000,0.000,0.000,0.000,0.000,0.000,0.000,0.000,0.000,"",
43.325,Right,-3.795,-0.279,-1.239,0.000,1.000,0.000,0.000,0.000,0.000,0.000,0.000,0.000,0.000,"",
43.339,Right,-3.795,-0.279,-1.239,0.000,1.000,0.000,0.000,0.000,0.000,0.000,0.000,0.000,0.000,"",
43.352,Right,-3.795,-0.279,-1.239,0.000,1.000,0.000,0.000,0.000,0.000,0.000,0.000,0.000,0.000,"",
43.367,Right,-3.795,-0.279,-1.239,0.000,1.000,0.000,0.000,0.000,0.000,0.000,0.000,0.000,0.000,"",
43.381,Right,-3.795,-0.279,-1.239,0.000,1.000,0.000,0.000,0.000,0.000,0.000,0.000,0.000,0.000,"",
43.395,Right,-3.795,-0.279,-1.239,0.000,1.000,0.000,0.000,0.000,0.000,0.000,0.000,0.000,0.000,"",
43.408,Right,-3.795,-0.279,-1.239,0.000,1.000,0.000,0.000,0.000,0.000,0.000,0.000,0.000,0.000,"",
43.423,Right,-3.795,-0.279,-1.239,0.000,1.000,0.000,0.000,0.000,0.000,0.000,0.000,0.000,0.000,"",
43.437,Right,-3.795,-0.279,-1.239,0.000,1.000,0.000,0.000,0.000,0.000,0.000,0.000,0.000,0.000,"",
43.450,Right,-3.795,-0.279,-1.239,0.000,1.000,0.000,0.000,0.000,0.000,0.000,0.000,0.000,0.000,"",
43.465,Right,-3.795,-0.279,-1.239,0.000,1.000,0.000,0.000,0.000,0.000,0.000,0.000,0.000,0.000,"",
43.479,Right,-3.795,-0.279,-1.239,0.000,1.000,0.000,0.000,0.000,0.000,0.000,0.000,0.000,0.000,"",
43.492,Right,-3.795,-0.279,-1.239,0.000,1.000,0.000,0.000,0.000,0.000,0.000,0.000,0.000,0.000,"",
43.507,Right,-3.795,-0.279,-1.239,0.000,1.000,0.000,0.000,0.000,0.000,0.000,0.000,0.000,0.000,"",
43.521,Right,-3.795,-0.279,-1.239,0.000,1.000,0.000,0.000,0.000,0.000,0.000,0.000,0.000,0.000,"",
43.534,Right,-3.795,-0.279,-1.239,0.000,1.000,0.000,0.000,0.000,0.000,0.000,0.000,0.000,0.000,"",
43.547,Right,-3.795,-0.279,-1.239,0.000,1.000,0.000,0.000,0.000,0.000,0.000,0.000,0.000,0.000,"",
43.563,Right,-3.795,-0.279,-1.239,0.000,1.000,0.000,0.000,0.000,0.000,0.000,0.000,0.000,0.000,"",
43.576,Right,-3.795,-0.279,-1.239,0.000,1.000,0.000,0.000,0.000,0.000,0.000,0.000,0.000,0.000,"",
43.589,Right,-3.795,-0.279,-1.239,0.000,1.000,0.000,0.000,0.000,0.000,0.000,0.000,0.000,0.000,"",
43.605,Right,-3.795,-0.279,-1.239,0.000,1.000,0.000,0.000,0.000,0.000,0.000,0.000,0.000,0.000,"",
43.618,Right,-3.795,-0.279,-1.239,0.000,1.000,0.000,0.000,0.000,0.000,0.000,0.000,0.000,0.000,"",
43.630,Right,-3.795,-0.279,-1.239,0.000,1.000,0.000,0.000,0.000,0.000,0.000,0.000,0.000,0.000,"",
43.646,Right,-3.795,-0.279,-1.239,0.000,1.000,0.000,0.000,0.000,0.000,0.000,0.000,0.000,0.000,"",
43.660,Right,-3.795,-0.279,-1.239,0.000,1.000,0.000,0.000,0.000,0.000,0.000,0.000,0.000,0.000,"",
43.673,Right,-3.795,-0.279,-1.239,0.000,1.000,0.000,0.000,0.000,0.000,0.000,0.000,0.000,0.000,"",
43.688,Right,-3.795,-0.279,-1.239,0.000,1.000,0.000,0.000,0.000,0.000,0.000,0.000,0.000,0.000,"",
43.702,Right,-3.795,-0.279,-1.239,0.000,1.000,0.000,0.000,0.000,0.000,0.000,0.000,0.000,0.000,"",
43.715,Right,-3.795,-0.279,-1.239,0.000,1.000,0.000,0.000,0.000,0.000,0.000,0.000,0.000,0.000,"",
43.729,Right,-3.795,-0.279,-1.239,0.000,1.000,0.000,0.000,0.000,0.000,0.000,0.000,0.000,0.000,"",
43.743,Right,-3.795,-0.279,-1.239,0.000,1.000,0.000,0.000,0.000,0.000,0.000,0.000,0.000,0.000,"",
43.757,Right,-3.795,-0.279,-1.239,0.000,1.000,0.000,0.000,0.000,0.000,0.000,0.000,0.000,0.000,"",
43.771,Right,-3.795,-0.279,-1.239,0.000,1.000,0.000,0.000,0.000,0.000,0.000,0.000,0.000,0.000,"",
43.785,Right,-3.795,-0.279,-1.239,0.000,1.000,0.000,0.000,0.000,0.000,0.000,0.000,0.000,0.000,"",
43.800,Right,-3.795,-0.279,-1.239,0.000,1.000,0.000,0.000,0.000,0.000,0.000,0.000,0.000,0.000,"",
43.812,Right,-3.795,-0.279,-1.239,0.000,1.000,0.000,0.000,0.000,0.000,0.000,0.000,0.000,0.000,"",
43.827,Right,-3.795,-0.279,-1.239,0.000,1.000,0.000,0.000,0.000,0.000,0.000,0.000,0.000,0.000,"",
43.842,Right,-3.795,-0.279,-1.239,0.000,1.000,0.000,0.000,0.000,0.000,0.000,0.000,0.000,0.000,"",
43.855,Right,-3.795,-0.279,-1.239,0.000,1.000,0.000,0.000,0.000,0.000,0.000,0.000,0.000,0.000,"",
43.867,Right,-3.795,-0.279,-1.239,0.000,1.000,0.000,0.000,0.000,0.000,0.000,0.000,0.000,0.000,"",
43.883,Right,-3.795,-0.279,-1.239,0.000,1.000,0.000,0.000,0.000,0.000,0.000,0.000,0.000,0.000,"",
43.897,Right,-3.795,-0.279,-1.239,0.000,1.000,0.000,0.000,0.000,0.000,0.000,0.000,0.000,0.000,"",
43.909,Right,-3.795,-0.279,-1.239,0.000,1.000,0.000,0.000,0.000,0.000,0.000,0.000,0.000,0.000,"",
43.925,Right,-3.795,-0.279,-1.239,0.000,1.000,0.000,0.000,0.000,0.000,0.000,0.000,0.000,0.000,"",
43.938,Right,-3.795,-0.279,-1.239,0.000,1.000,0.000,0.000,0.000,0.000,0.000,0.000,0.000,0.000,"",
43.951,Right,-3.795,-0.279,-1.239,0.000,1.000,0.000,0.000,0.000,0.000,0.000,0.000,0.000,0.000,"",
43.966,Right,-3.795,-0.279,-1.239,0.000,1.000,0.000,0.000,0.000,0.000,0.000,0.000,0.000,0.000,"",
43.981,Right,-3.795,-0.279,-1.239,0.000,1.000,0.000,0.000,0.000,0.000,0.000,0.000,0.000,0.000,"",
43.995,Right,-3.795,-0.279,-1.239,0.000,1.000,0.000,0.000,0.000,0.000,0.000,0.000,0.000,0.000,"",
44.007,Right,-3.795,-0.279,-1.239,0.000,1.000,0.000,0.000,0.000,0.000,0.000,0.000,0.000,0.000,"",
44.022,Right,-3.795,-0.279,-1.239,0.000,1.000,0.000,0.000,0.000,0.000,0.000,0.000,0.000,0.000,"",
44.036,Right,-3.795,-0.279,-1.239,0.000,1.000,0.000,0.000,0.000,0.000,0.000,0.000,0.000,0.000,"",
44.048,Right,-3.795,-0.279,-1.239,0.000,1.000,0.000,0.000,0.000,0.000,0.000,0.000,0.000,0.000,"",
44.064,Right,-3.795,-0.279,-1.239,0.000,1.000,0.000,0.000,0.000,0.000,0.000,0.000,0.000,0.000,"",
44.078,Right,-3.795,-0.279,-1.239,0.000,1.000,0.000,0.000,0.000,0.000,0.000,0.000,0.000,0.000,"",
44.091,Right,-3.795,-0.279,-1.239,0.000,1.000,0.000,0.000,0.000,0.000,0.000,0.000,0.000,0.000,"",
44.106,Right,-3.795,-0.279,-1.239,0.000,1.000,0.000,0.000,0.000,0.000,0.000,0.000,0.000,0.000,"",
44.119,Right,-3.795,-0.279,-1.239,0.000,1.000,0.000,0.000,0.000,0.000,0.000,0.000,0.000,0.000,"",
44.132,Right,-3.795,-0.279,-1.239,0.000,1.000,0.000,0.000,0.000,0.000,0.000,0.000,0.000,0.000,"",
44.148,Right,-3.795,-0.279,-1.239,0.000,1.000,0.000,0.000,0.000,0.000,0.000,0.000,0.000,0.000,"",
44.161,Right,-3.795,-0.279,-1.239,0.000,1.000,0.000,0.000,0.000,0.000,0.000,0.000,0.000,0.000,"",
44.175,Right,-3.795,-0.279,-1.239,0.000,1.000,0.000,0.000,0.000,0.000,0.000,0.000,0.000,0.000,"",
44.189,Right,-3.795,-0.279,-1.239,0.000,1.000,0.000,0.000,0.000,0.000,0.000,0.000,0.000,0.000,"",
44.203,Right,-3.795,-0.279,-1.239,0.000,1.000,0.000,0.000,0.000,0.000,0.000,0.000,0.000,0.000,"",
44.218,Right,-3.795,-0.279,-1.239,0.000,1.000,0.000,0.000,0.000,0.000,0.000,0.000,0.000,0.000,"",
44.230,Right,-3.795,-0.279,-1.239,0.000,1.000,0.000,0.000,0.000,0.000,0.000,0.000,0.000,0.000,"",
44.244,Right,-3.795,-0.279,-1.239,0.000,1.000,0.000,0.000,0.000,0.000,0.000,0.000,0.000,0.000,"",
44.259,Right,-3.795,-0.279,-1.239,0.000,1.000,0.000,0.000,0.000,0.000,0.000,0.000,0.000,0.000,"",
44.272,Right,-3.795,-0.279,-1.239,0.000,1.000,0.000,0.000,0.000,0.000,0.000,0.000,0.000,0.000,"",
44.286,Right,-3.795,-0.279,-1.239,0.000,1.000,0.000,0.000,0.000,0.000,0.000,0.000,0.000,0.000,"",
44.300,Right,-3.795,-0.279,-1.239,0.000,1.000,0.000,0.000,0.000,0.000,0.000,0.000,0.000,0.000,"",
44.315,Right,-3.795,-0.279,-1.239,0.000,1.000,0.000,0.000,0.000,0.000,0.000,0.000,0.000,0.000,"",
44.329,Right,-3.795,-0.279,-1.239,0.000,1.000,0.000,0.000,0.000,0.000,0.000,0.000,0.000,0.000,"",
44.345,Right,-3.795,-0.279,-1.239,0.000,1.000,0.000,0.000,0.000,0.000,0.000,0.000,0.000,0.000,"",
44.358,Right,-3.795,-0.279,-1.239,0.000,1.000,0.000,0.000,0.000,0.000,0.000,0.000,0.000,0.000,"",
44.371,Right,-3.795,-0.279,-1.239,0.000,1.000,0.000,0.000,0.000,0.000,0.000,0.000,0.000,0.000,"",
44.386,Right,-3.795,-0.279,-1.239,0.000,1.000,0.000,0.000,0.000,0.000,0.000,0.000,0.000,0.000,"",
44.399,Right,-3.795,-0.279,-1.239,0.000,1.000,0.000,0.000,0.000,0.000,0.000,0.000,0.000,0.000,"",
44.412,Right,-3.795,-0.279,-1.239,0.000,1.000,0.000,0.000,0.000,0.000,0.000,0.000,0.000,0.000,"",
44.427,Right,-3.795,-0.279,-1.239,0.000,1.000,0.000,0.000,0.000,0.000,0.000,0.000,0.000,0.000,"",
44.441,Right,-3.795,-0.279,-1.239,0.000,1.000,0.000,0.000,0.000,0.000,0.000,0.000,0.000,0.000,"",
44.454,Right,-3.795,-0.279,-1.239,0.000,1.000,0.000,0.000,0.000,0.000,0.000,0.000,0.000,0.000,"",
44.467,Right,-3.795,-0.279,-1.239,0.000,1.000,0.000,0.000,0.000,0.000,0.000,0.000,0.000,0.000,"",
44.482,Right,-3.795,-0.279,-1.239,0.000,1.000,0.000,0.000,0.000,0.000,0.000,0.000,0.000,0.000,"",
44.498,Right,-3.795,-0.279,-1.239,0.000,1.000,0.000,0.000,0.000,0.000,0.000,0.000,0.000,0.000,"",
44.510,Right,-3.795,-0.279,-1.239,0.000,1.000,0.000,0.000,0.000,0.000,0.000,0.000,0.000,0.000,"",
44.525,Right,-3.795,-0.279,-1.239,0.000,1.000,0.000,0.000,0.000,0.000,0.000,0.000,0.000,0.000,"",
44.537,Right,-3.795,-0.279,-1.239,0.000,1.000,0.000,0.000,0.000,0.000,0.000,0.000,0.000,0.000,"",
44.550,Right,-3.795,-0.279,-1.239,0.000,1.000,0.000,0.000,0.000,0.000,0.000,0.000,0.000,0.000,"",
44.565,Right,-3.795,-0.279,-1.239,0.000,1.000,0.000,0.000,0.000,0.000,0.000,0.000,0.000,0.000,"",
44.578,Right,-3.795,-0.279,-1.239,0.000,1.000,0.000,0.000,0.000,0.000,0.000,0.000,0.000,0.000,"",
44.590,Right,-3.795,-0.279,-1.239,0.000,1.000,0.000,0.000,0.000,0.000,0.000,0.000,0.000,0.000,"",
44.605,Right,-3.795,-0.279,-1.239,0.000,1.000,0.000,0.000,0.000,0.000,0.000,0.000,0.000,0.000,"",
44.619,Right,-3.795,-0.279,-1.239,0.000,1.000,0.000,0.000,0.000,0.000,0.000,0.000,0.000,0.000,"",
44.631,Right,-3.795,-0.279,-1.239,0.000,1.000,0.000,0.000,0.000,0.000,0.000,0.000,0.000,0.000,"",
44.647,Right,-3.795,-0.279,-1.239,0.000,1.000,0.000,0.000,0.000,0.000,0.000,0.000,0.000,0.000,"",
44.662,Right,-3.795,-0.279,-1.239,0.000,1.000,0.000,0.000,0.000,0.000,0.000,0.000,0.000,0.000,"",
44.676,Right,-3.795,-0.279,-1.239,0.000,1.000,0.000,0.000,0.000,0.000,0.000,0.000,0.000,0.000,"",
44.688,Right,-3.795,-0.279,-1.239,0.000,1.000,0.000,0.000,0.000,0.000,0.000,0.000,0.000,0.000,"",
44.703,Right,-3.795,-0.279,-1.239,0.000,1.000,0.000,0.000,0.000,0.000,0.000,0.000,0.000,0.000,"",
44.717,Right,-3.795,-0.279,-1.239,0.000,1.000,0.000,0.000,0.000,0.000,0.000,0.000,0.000,0.000,"",
44.730,Right,-3.795,-0.279,-1.239,0.000,1.000,0.000,0.000,0.000,0.000,0.000,0.000,0.000,0.000,"",
44.746,Right,-3.795,-0.279,-1.239,0.000,1.000,0.000,0.000,0.000,0.000,0.000,0.000,0.000,0.000,"",
44.759,Right,-3.795,-0.279,-1.239,0.000,1.000,0.000,0.000,0.000,0.000,0.000,0.000,0.000,0.000,"",
44.773,Right,-3.795,-0.279,-1.239,0.000,1.000,0.000,0.000,0.000,0.000,0.000,0.000,0.000,0.000,"",
44.788,Right,-3.795,-0.279,-1.239,0.000,1.000,0.000,0.000,0.000,0.000,0.000,0.000,0.000,0.000,"",
44.801,Right,-3.795,-0.279,-1.239,0.000,1.000,0.000,0.000,0.000,0.000,0.000,0.000,0.000,0.000,"",
44.815,Right,-3.795,-0.279,-1.239,0.000,1.000,0.000,0.000,0.000,0.000,0.000,0.000,0.000,0.000,"",
44.827,Right,-3.795,-0.279,-1.239,0.000,1.000,0.000,0.000,0.000,0.000,0.000,0.000,0.000,0.000,"",
44.842,Right,-3.795,-0.279,-1.239,0.000,1.000,0.000,0.000,0.000,0.000,0.000,0.000,0.000,0.000,"",
44.857,Right,-3.795,-0.279,-1.239,0.000,1.000,0.000,0.000,0.000,0.000,0.000,0.000,0.000,0.000,"",
44.870,Right,-3.795,-0.279,-1.239,0.000,1.000,0.000,0.000,0.000,0.000,0.000,0.000,0.000,0.000,"",
44.885,Right,-3.795,-0.279,-1.239,0.000,1.000,0.000,0.000,0.000,0.000,0.000,0.000,0.000,0.000,"",
44.899,Right,-3.795,-0.279,-1.239,0.000,1.000,0.000,0.000,0.000,0.000,0.000,0.000,0.000,0.000,"",
44.912,Right,-3.795,-0.279,-1.239,0.000,1.000,0.000,0.000,0.000,0.000,0.000,0.000,0.000,0.000,"",
44.927,Right,-3.795,-0.279,-1.239,0.000,1.000,0.000,0.000,0.000,0.000,0.000,0.000,0.000,0.000,"",
44.941,Right,-3.795,-0.279,-1.239,0.000,1.000,0.000,0.000,0.000,0.000,0.000,0.000,0.000,0.000,"",
44.955,Right,-3.795,-0.279,-1.239,0.000,1.000,0.000,0.000,0.000,0.000,0.000,0.000,0.000,0.000,"",
44.968,Right,-3.795,-0.279,-1.239,0.000,1.000,0.000,0.000,0.000,0.000,0.000,0.000,0.000,0.000,"",
44.982,Right,-3.795,-0.279,-1.239,0.000,1.000,0.000,0.000,0.000,0.000,0.000,0.000,0.000,0.000,"",
44.996,Right,-3.795,-0.279,-1.239,0.000,1.000,0.000,0.000,0.000,0.000,0.000,0.000,0.000,0.000,"",
45.010,Right,-3.795,-0.279,-1.239,0.000,1.000,0.000,0.000,0.000,0.000,0.000,0.000,0.000,0.000,"",
45.024,Right,-3.795,-0.279,-1.239,0.000,1.000,0.000,0.000,0.000,0.000,0.000,0.000,0.000,0.000,"",
45.038,Right,-3.795,-0.279,-1.239,0.000,1.000,0.000,0.000,0.000,0.000,0.000,0.000,0.000,0.000,"",
45.050,Right,-3.795,-0.279,-1.239,0.000,1.000,0.000,0.000,0.000,0.000,0.000,0.000,0.000,0.000,"",
45.066,Right,-3.795,-0.279,-1.239,0.000,1.000,0.000,0.000,0.000,0.000,0.000,0.000,0.000,0.000,"",
45.080,Right,-3.795,-0.279,-1.239,0.000,1.000,0.000,0.000,0.000,0.000,0.000,0.000,0.000,0.000,"",
45.093,Right,-3.795,-0.279,-1.239,0.000,1.000,0.000,0.000,0.000,0.000,0.000,0.000,0.000,0.000,"",
45.108,Right,-3.795,-0.279,-1.239,0.000,1.000,0.000,0.000,0.000,0.000,0.000,0.000,0.000,0.000,"",
45.122,Right,-3.795,-0.279,-1.239,0.000,1.000,0.000,0.000,0.000,0.000,0.000,0.000,0.000,0.000,"",
45.135,Right,-3.795,-0.279,-1.239,0.000,1.000,0.000,0.000,0.000,0.000,0.000,0.000,0.000,0.000,"",
45.148,Right,-3.795,-0.279,-1.239,0.000,1.000,0.000,0.000,0.000,0.000,0.000,0.000,0.000,0.000,"",
45.163,Right,-3.795,-0.279,-1.239,0.000,1.000,0.000,0.000,0.000,0.000,0.000,0.000,0.000,0.000,"",
45.177,Right,-3.795,-0.279,-1.239,0.000,1.000,0.000,0.000,0.000,0.000,0.000,0.000,0.000,0.000,"",
45.190,Right,-3.795,-0.279,-1.239,0.000,1.000,0.000,0.000,0.000,0.000,0.000,0.000,0.000,0.000,"",
45.206,Right,-3.795,-0.279,-1.239,0.000,1.000,0.000,0.000,0.000,0.000,0.000,0.000,0.000,0.000,"",
45.219,Right,-3.795,-0.279,-1.239,0.000,1.000,0.000,0.000,0.000,0.000,0.000,0.000,0.000,0.000,"",
45.233,Right,-3.795,-0.279,-1.239,0.000,1.000,0.000,0.000,0.000,0.000,0.000,0.000,0.000,0.000,"",
45.247,Right,-3.795,-0.279,-1.239,0.000,1.000,0.000,0.000,0.000,0.000,0.000,0.000,0.000,0.000,"",
45.261,Right,-3.795,-0.279,-1.239,0.000,1.000,0.000,0.000,0.000,0.000,0.000,0.000,0.000,0.000,"",
45.275,Right,-3.795,-0.279,-1.239,0.000,1.000,0.000,0.000,0.000,0.000,0.000,0.000,0.000,0.000,"",
45.287,Right,-3.795,-0.279,-1.239,0.000,1.000,0.000,0.000,0.000,0.000,0.000,0.000,0.000,0.000,"",
45.303,Right,-3.795,-0.279,-1.239,0.000,1.000,0.000,0.000,0.000,0.000,0.000,0.000,0.000,0.000,"",
45.317,Right,-3.795,-0.279,-1.239,0.000,1.000,0.000,0.000,0.000,0.000,0.000,0.000,0.000,0.000,"",
45.329,Right,-3.795,-0.279,-1.239,0.000,1.000,0.000,0.000,0.000,0.000,0.000,0.000,0.000,0.000,"",
45.344,Right,-3.795,-0.279,-1.239,0.000,1.000,0.000,0.000,0.000,0.000,0.000,0.000,0.000,0.000,"",
45.359,Right,-3.795,-0.279,-1.239,0.000,1.000,0.000,0.000,0.000,0.000,0.000,0.000,0.000,0.000,"",
45.372,Right,-3.795,-0.279,-1.239,0.000,1.000,0.000,0.000,0.000,0.000,0.000,0.000,0.000,0.000,"",
45.386,Right,-3.795,-0.279,-1.239,0.000,1.000,0.000,0.000,0.000,0.000,0.000,0.000,0.000,0.000,"",
45.400,Right,-3.795,-0.279,-1.239,0.000,1.000,0.000,0.000,0.000,0.000,0.000,0.000,0.000,0.000,"",
45.414,Right,-3.795,-0.279,-1.239,0.000,1.000,0.000,0.000,0.000,0.000,0.000,0.000,0.000,0.000,"",
45.427,Right,-3.795,-0.279,-1.239,0.000,1.000,0.000,0.000,0.000,0.000,0.000,0.000,0.000,0.000,"",
45.442,Right,-3.795,-0.279,-1.239,0.000,1.000,0.000,0.000,0.000,0.000,0.000,0.000,0.000,0.000,"",
45.456,Right,-3.795,-0.279,-1.239,0.000,1.000,0.000,0.000,0.000,0.000,0.000,0.000,0.000,0.000,"",
45.469,Right,-3.795,-0.279,-1.239,0.000,1.000,0.000,0.000,0.000,0.000,0.000,0.000,0.000,0.000,"",
45.484,Right,-3.795,-0.279,-1.239,0.000,1.000,0.000,0.000,0.000,0.000,0.000,0.000,0.000,0.000,"",
45.497,Right,-3.795,-0.279,-1.239,0.000,1.000,0.000,0.000,0.000,0.000,0.000,0.000,0.000,0.000,"",
45.510,Right,-3.795,-0.279,-1.239,0.000,1.000,0.000,0.000,0.000,0.000,0.000,0.000,0.000,0.000,"",
45.526,Right,-3.795,-0.279,-1.239,0.000,1.000,0.000,0.000,0.000,0.000,0.000,0.000,0.000,0.000,"",
45.540,Right,-3.795,-0.279,-1.239,0.000,1.000,0.000,0.000,0.000,0.000,0.000,0.000,0.000,0.000,"",
45.552,Right,-3.795,-0.279,-1.239,0.000,1.000,0.000,0.000,0.000,0.000,0.000,0.000,0.000,0.000,"",
45.567,Right,-3.795,-0.279,-1.239,0.000,1.000,0.000,0.000,0.000,0.000,0.000,0.000,0.000,0.000,"",
45.581,Right,-3.795,-0.279,-1.239,0.000,1.000,0.000,0.000,0.000,0.000,0.000,0.000,0.000,0.000,"",
45.595,Right,-3.795,-0.279,-1.239,0.000,1.000,0.000,0.000,0.000,0.000,0.000,0.000,0.000,0.000,"",
45.608,Right,-3.795,-0.279,-1.239,0.000,1.000,0.000,0.000,0.000,0.000,0.000,0.000,0.000,0.000,"",
45.623,Right,-3.795,-0.279,-1.239,0.000,1.000,0.000,0.000,0.000,0.000,0.000,0.000,0.000,0.000,"",
45.637,Right,-3.795,-0.279,-1.239,0.000,1.000,0.000,0.000,0.000,0.000,0.000,0.000,0.000,0.000,"",
45.650,Right,-3.795,-0.279,-1.239,0.000,1.000,0.000,0.000,0.000,0.000,0.000,0.000,0.000,0.000,"",
45.664,Right,-3.795,-0.279,-1.239,0.000,1.000,0.000,0.000,0.000,0.000,0.000,0.000,0.000,0.000,"",
45.679,Right,-3.795,-0.279,-1.239,0.000,1.000,0.000,0.000,0.000,0.000,0.000,0.000,0.000,0.000,"",
45.692,Right,-3.795,-0.279,-1.239,0.000,1.000,0.000,0.000,0.000,0.000,0.000,0.000,0.000,0.000,"",
45.706,Right,-3.795,-0.279,-1.239,0.000,1.000,0.000,0.000,0.000,0.000,0.000,0.000,0.000,0.000,"",
45.720,Right,-3.795,-0.279,-1.239,0.000,1.000,0.000,0.000,0.000,0.000,0.000,0.000,0.000,0.000,"",
45.735,Right,-3.795,-0.279,-1.239,0.000,1.000,0.000,0.000,0.000,0.000,0.000,0.000,0.000,0.000,"",
45.748,Right,-3.795,-0.279,-1.239,0.000,1.000,0.000,0.000,0.000,0.000,0.000,0.000,0.000,0.000,"",
45.762,Right,-3.795,-0.279,-1.239,0.000,1.000,0.000,0.000,0.000,0.000,0.000,0.000,0.000,0.000,"",
45.776,Right,-3.795,-0.279,-1.239,0.000,1.000,0.000,0.000,0.000,0.000,0.000,0.000,0.000,0.000,"",
45.789,Right,-3.795,-0.279,-1.239,0.000,1.000,0.000,0.000,0.000,0.000,0.000,0.000,0.000,0.000,"",
45.804,Right,-3.795,-0.279,-1.239,0.000,1.000,0.000,0.000,0.000,0.000,0.000,0.000,0.000,0.000,"",
45.818,Right,-3.795,-0.279,-1.239,0.000,1.000,0.000,0.000,0.000,0.000,0.000,0.000,0.000,0.000,"",
45.831,Right,-3.795,-0.279,-1.239,0.000,1.000,0.000,0.000,0.000,0.000,0.000,0.000,0.000,0.000,"",
45.846,Right,-3.795,-0.279,-1.239,0.000,1.000,0.000,0.000,0.000,0.000,0.000,0.000,0.000,0.000,"",
45.860,Right,-3.795,-0.279,-1.239,0.000,1.000,0.000,0.000,0.000,0.000,0.000,0.000,0.000,0.000,"",
45.874,Right,-3.795,-0.279,-1.239,0.000,1.000,0.000,0.000,0.000,0.000,0.000,0.000,0.000,0.000,"",
45.887,Right,-3.795,-0.279,-1.239,0.000,1.000,0.000,0.000,0.000,0.000,0.000,0.000,0.000,0.000,"",
45.903,Right,-3.795,-0.279,-1.239,0.000,1.000,0.000,0.000,0.000,0.000,0.000,0.000,0.000,0.000,"",
45.916,Right,-3.795,-0.279,-1.239,0.000,1.000,0.000,0.000,0.000,0.000,0.000,0.000,0.000,0.000,"",
45.929,Right,-3.795,-0.279,-1.239,0.000,1.000,0.000,0.000,0.000,0.000,0.000,0.000,0.000,0.000,"",
45.944,Right,-3.795,-0.279,-1.239,0.000,1.000,0.000,0.000,0.000,0.000,0.000,0.000,0.000,0.000,"",
45.958,Right,-3.795,-0.279,-1.239,0.000,1.000,0.000,0.000,0.000,0.000,0.000,0.000,0.000,0.000,"",
45.970,Right,-3.795,-0.279,-1.239,0.000,1.000,0.000,0.000,0.000,0.000,0.000,0.000,0.000,0.000,"",
45.985,Right,-3.795,-0.279,-1.239,0.000,1.000,0.000,0.000,0.000,0.000,0.000,0.000,0.000,0.000,"",
45.999,Right,-3.795,-0.279,-1.239,0.000,1.000,0.000,0.000,0.000,0.000,0.000,0.000,0.000,0.000,"",
46.012,Right,-3.795,-0.279,-1.239,0.000,1.000,0.000,0.000,0.000,0.000,0.000,0.000,0.000,0.000,"",
46.028,Right,-3.795,-0.279,-1.239,0.000,1.000,0.000,0.000,0.000,0.000,0.000,0.000,0.000,0.000,"",
46.042,Right,-3.795,-0.279,-1.239,0.000,1.000,0.000,0.000,0.000,0.000,0.000,0.000,0.000,0.000,"",
46.055,Right,-3.795,-0.279,-1.239,0.000,1.000,0.000,0.000,0.000,0.000,0.000,0.000,0.000,0.000,"",
46.067,Right,-3.795,-0.279,-1.239,0.000,1.000,0.000,0.000,0.000,0.000,0.000,0.000,0.000,0.000,"",
46.082,Right,-3.795,-0.279,-1.239,0.000,1.000,0.000,0.000,0.000,0.000,0.000,0.000,0.000,0.000,"",
46.096,Right,-3.795,-0.279,-1.239,0.000,1.000,0.000,0.000,0.000,0.000,0.000,0.000,0.000,0.000,"",
46.109,Right,-3.795,-0.279,-1.239,0.000,1.000,0.000,0.000,0.000,0.000,0.000,0.000,0.000,0.000,"",
46.127,Right,-3.795,-0.279,-1.239,0.000,1.000,0.000,0.000,0.000,0.000,0.000,0.000,0.000,0.000,"",
46.140,Right,-3.795,-0.279,-1.239,0.000,1.000,0.000,0.000,0.000,0.000,0.000,0.000,0.000,0.000,"",
46.154,Right,-3.795,-0.279,-1.239,0.000,1.000,0.000,0.000,0.000,0.000,0.000,0.000,0.000,0.000,"",
46.167,Right,-3.795,-0.279,-1.239,0.000,1.000,0.000,0.000,0.000,0.000,0.000,0.000,0.000,0.000,"",
46.181,Right,-3.795,-0.279,-1.239,0.000,1.000,0.000,0.000,0.000,0.000,0.000,0.000,0.000,0.000,"",
46.195,Right,-3.795,-0.279,-1.239,0.000,1.000,0.000,0.000,0.000,0.000,0.000,0.000,0.000,0.000,"",
46.209,Right,-3.795,-0.279,-1.239,0.000,1.000,0.000,0.000,0.000,0.000,0.000,0.000,0.000,0.000,"",
46.223,Right,-3.795,-0.279,-1.239,0.000,1.000,0.000,0.000,0.000,0.000,0.000,0.000,0.000,0.000,"",
46.237,Right,-3.795,-0.279,-1.239,0.000,1.000,0.000,0.000,0.000,0.000,0.000,0.000,0.000,0.000,"",
46.249,Right,-3.795,-0.279,-1.239,0.000,1.000,0.000,0.000,0.000,0.000,0.000,0.000,0.000,0.000,"",
46.264,Right,-3.795,-0.279,-1.239,0.000,1.000,0.000,0.000,0.000,0.000,0.000,0.000,0.000,0.000,"",
46.278,Right,-3.795,-0.279,-1.239,0.000,1.000,0.000,0.000,0.000,0.000,0.000,0.000,0.000,0.000,"",
46.291,Right,-3.795,-0.279,-1.239,0.000,1.000,0.000,0.000,0.000,0.000,0.000,0.000,0.000,0.000,"",
46.306,Right,-3.795,-0.279,-1.239,0.000,1.000,0.000,0.000,0.000,0.000,0.000,0.000,0.000,0.000,"",
46.320,Right,-3.795,-0.279,-1.239,0.000,1.000,0.000,0.000,0.000,0.000,0.000,0.000,0.000,0.000,"",
46.333,Right,-3.795,-0.279,-1.239,0.000,1.000,0.000,0.000,0.000,0.000,0.000,0.000,0.000,0.000,"",
46.348,Right,-3.795,-0.279,-1.239,0.000,1.000,0.000,0.000,0.000,0.000,0.000,0.000,0.000,0.000,"",
46.362,Right,-3.795,-0.279,-1.239,0.000,1.000,0.000,0.000,0.000,0.000,0.000,0.000,0.000,0.000,"",
46.376,Right,-3.795,-0.279,-1.239,0.000,1.000,0.000,0.000,0.000,0.000,0.000,0.000,0.000,0.000,"",
46.389,Right,-3.795,-0.279,-1.239,0.000,1.000,0.000,0.000,0.000,0.000,0.000,0.000,0.000,0.000,"",
46.403,Right,-3.795,-0.279,-1.239,0.000,1.000,0.000,0.000,0.000,0.000,0.000,0.000,0.000,0.000,"",
46.417,Right,-3.795,-0.279,-1.239,0.000,1.000,0.000,0.000,0.000,0.000,0.000,0.000,0.000,0.000,"",
46.429,Right,-3.795,-0.279,-1.239,0.000,1.000,0.000,0.000,0.000,0.000,0.000,0.000,0.000,0.000,"",
46.445,Right,-3.795,-0.279,-1.239,0.000,1.000,0.000,0.000,0.000,0.000,0.000,0.000,0.000,0.000,"",
46.458,Right,-3.795,-0.279,-1.239,0.000,1.000,0.000,0.000,0.000,0.000,0.000,0.000,0.000,0.000,"",
46.471,Right,-3.795,-0.279,-1.239,0.000,1.000,0.000,0.000,0.000,0.000,0.000,0.000,0.000,0.000,"",
46.487,Right,-3.795,-0.279,-1.239,0.000,1.000,0.000,0.000,0.000,0.000,0.000,0.000,0.000,0.000,"",
46.501,Right,-3.795,-0.279,-1.239,0.000,1.000,0.000,0.000,0.000,0.000,0.000,0.000,0.000,0.000,"",
46.514,Right,-3.795,-0.279,-1.239,0.000,1.000,0.000,0.000,0.000,0.000,0.000,0.000,0.000,0.000,"",
46.527,Right,-3.795,-0.279,-1.239,0.000,1.000,0.000,0.000,0.000,0.000,0.000,0.000,0.000,0.000,"",
46.542,Right,-3.795,-0.279,-1.239,0.000,1.000,0.000,0.000,0.000,0.000,0.000,0.000,0.000,0.000,"",
46.556,Right,-3.795,-0.279,-1.239,0.000,1.000,0.000,0.000,0.000,0.000,0.000,0.000,0.000,0.000,"",
46.569,Right,-3.795,-0.279,-1.239,0.000,1.000,0.000,0.000,0.000,0.000,0.000,0.000,0.000,0.000,"",
46.584,Right,-3.795,-0.279,-1.239,0.000,1.000,0.000,0.000,0.000,0.000,0.000,0.000,0.000,0.000,"",
46.598,Right,-3.795,-0.279,-1.239,0.000,1.000,0.000,0.000,0.000,0.000,0.000,0.000,0.000,0.000,"",
46.610,Right,-3.795,-0.279,-1.239,0.000,1.000,0.000,0.000,0.000,0.000,0.000,0.000,0.000,0.000,"",
46.625,Right,-3.795,-0.279,-1.239,0.000,1.000,0.000,0.000,0.000,0.000,0.000,0.000,0.000,0.000,"",
46.639,Right,-3.795,-0.279,-1.239,0.000,1.000,0.000,0.000,0.000,0.000,0.000,0.000,0.000,0.000,"",
46.652,Right,-3.795,-0.279,-1.239,0.000,1.000,0.000,0.000,0.000,0.000,0.000,0.000,0.000,0.000,"",
46.667,Right,-3.795,-0.279,-1.239,0.000,1.000,0.000,0.000,0.000,0.000,0.000,0.000,0.000,0.000,"",
46.681,Right,-3.795,-0.279,-1.239,0.000,1.000,0.000,0.000,0.000,0.000,0.000,0.000,0.000,0.000,"",
46.696,Right,-3.795,-0.279,-1.239,0.000,1.000,0.000,0.000,0.000,0.000,0.000,0.000,0.000,0.000,"",
46.708,Right,-3.795,-0.279,-1.239,0.000,1.000,0.000,0.000,0.000,0.000,0.000,0.000,0.000,0.000,"",
46.723,Right,-3.795,-0.279,-1.239,0.000,1.000,0.000,0.000,0.000,0.000,0.000,0.000,0.000,0.000,"",
46.738,Right,-3.795,-0.279,-1.239,0.000,1.000,0.000,0.000,0.000,0.000,0.000,0.000,0.000,0.000,"",
46.749,Right,-3.795,-0.279,-1.239,0.000,1.000,0.000,0.000,0.000,0.000,0.000,0.000,0.000,0.000,"",
46.765,Right,-3.795,-0.279,-1.239,0.000,1.000,0.000,0.000,0.000,0.000,0.000,0.000,0.000,0.000,"",
46.779,Right,-3.795,-0.279,-1.239,0.000,1.000,0.000,0.000,0.000,0.000,0.000,0.000,0.000,0.000,"",
46.792,Right,-3.795,-0.279,-1.239,0.000,1.000,0.000,0.000,0.000,0.000,0.000,0.000,0.000,0.000,"",
46.807,Right,-3.795,-0.279,-1.239,0.000,1.000,0.000,0.000,0.000,0.000,0.000,0.000,0.000,0.000,"",
46.821,Right,-3.795,-0.279,-1.239,0.000,1.000,0.000,0.000,0.000,0.000,0.000,0.000,0.000,0.000,"",
46.835,Right,-3.795,-0.279,-1.239,0.000,1.000,0.000,0.000,0.000,0.000,0.000,0.000,0.000,0.000,"",
46.847,Right,-3.795,-0.279,-1.239,0.000,1.000,0.000,0.000,0.000,0.000,0.000,0.000,0.000,0.000,"",
46.862,Right,-3.795,-0.279,-1.239,0.000,1.000,0.000,0.000,0.000,0.000,0.000,0.000,0.000,0.000,"",
46.876,Right,-3.795,-0.279,-1.239,0.000,1.000,0.000,0.000,0.000,0.000,0.000,0.000,0.000,0.000,"",
46.889,Right,-3.795,-0.279,-1.239,0.000,1.000,0.000,0.000,0.000,0.000,0.000,0.000,0.000,0.000,"",
46.904,Right,-3.795,-0.279,-1.239,0.000,1.000,0.000,0.000,0.000,0.000,0.000,0.000,0.000,0.000,"",
46.918,Right,-3.795,-0.279,-1.239,0.000,1.000,0.000,0.000,0.000,0.000,0.000,0.000,0.000,0.000,"",
46.931,Right,-3.795,-0.279,-1.239,0.000,1.000,0.000,0.000,0.000,0.000,0.000,0.000,0.000,0.000,"",
46.946,Right,-3.795,-0.279,-1.239,0.000,1.000,0.000,0.000,0.000,0.000,0.000,0.000,0.000,0.000,"",
46.960,Right,-3.795,-0.279,-1.239,0.000,1.000,0.000,0.000,0.000,0.000,0.000,0.000,0.000,0.000,"",
46.973,Right,-3.795,-0.279,-1.239,0.000,1.000,0.000,0.000,0.000,0.000,0.000,0.000,0.000,0.000,"",
46.988,Right,-3.795,-0.279,-1.239,0.000,1.000,0.000,0.000,0.000,0.000,0.000,0.000,0.000,0.000,"",
47.001,Right,-3.795,-0.279,-1.239,0.000,1.000,0.000,0.000,0.000,0.000,0.000,0.000,0.000,0.000,"",
47.016,Right,-3.795,-0.279,-1.239,0.000,1.000,0.000,0.000,0.000,0.000,0.000,0.000,0.000,0.000,"",
47.028,Right,-3.795,-0.279,-1.239,0.000,1.000,0.000,0.000,0.000,0.000,0.000,0.000,0.000,0.000,"",
47.043,Right,-3.795,-0.279,-1.239,0.000,1.000,0.000,0.000,0.000,0.000,0.000,0.000,0.000,0.000,"",
47.057,Right,-3.795,-0.279,-1.239,0.000,1.000,0.000,0.000,0.000,0.000,0.000,0.000,0.000,0.000,"",
47.070,Right,-3.795,-0.279,-1.239,0.000,1.000,0.000,0.000,0.000,0.000,0.000,0.000,0.000,0.000,"",
47.085,Right,-3.795,-0.279,-1.239,0.000,1.000,0.000,0.000,0.000,0.000,0.000,0.000,0.000,0.000,"",
47.099,Right,-3.795,-0.279,-1.239,0.000,1.000,0.000,0.000,0.000,0.000,0.000,0.000,0.000,0.000,"",
47.112,Right,-3.795,-0.279,-1.239,0.000,1.000,0.000,0.000,0.000,0.000,0.000,0.000,0.000,0.000,"",
47.127,Right,-3.795,-0.279,-1.239,0.000,1.000,0.000,0.000,0.000,0.000,0.000,0.000,0.000,0.000,"",
47.141,Right,-3.795,-0.279,-1.239,0.000,1.000,0.000,0.000,0.000,0.000,0.000,0.000,0.000,0.000,"",
47.155,Right,-3.795,-0.279,-1.239,0.000,1.000,0.000,0.000,0.000,0.000,0.000,0.000,0.000,0.000,"",
47.168,Right,-3.795,-0.279,-1.239,0.000,1.000,0.000,0.000,0.000,0.000,0.000,0.000,0.000,0.000,"",
47.183,Right,-3.795,-0.279,-1.239,0.000,1.000,0.000,0.000,0.000,0.000,0.000,0.000,0.000,0.000,"",
47.197,Right,-3.795,-0.279,-1.239,0.000,1.000,0.000,0.000,0.000,0.000,0.000,0.000,0.000,0.000,"",
47.210,Right,-3.795,-0.279,-1.239,0.000,1.000,0.000,0.000,0.000,0.000,0.000,0.000,0.000,0.000,"",
47.225,Right,-3.795,-0.279,-1.239,0.000,1.000,0.000,0.000,0.000,0.000,0.000,0.000,0.000,0.000,"",
47.238,Right,-3.795,-0.279,-1.239,0.000,1.000,0.000,0.000,0.000,0.000,0.000,0.000,0.000,0.000,"",
47.251,Right,-3.795,-0.279,-1.239,0.000,1.000,0.000,0.000,0.000,0.000,0.000,0.000,0.000,0.000,"",
47.267,Right,-3.795,-0.279,-1.239,0.000,1.000,0.000,0.000,0.000,0.000,0.000,0.000,0.000,0.000,"",
47.281,Right,-3.795,-0.279,-1.239,0.000,1.000,0.000,0.000,0.000,0.000,0.000,0.000,0.000,0.000,"",
47.295,Right,-3.795,-0.279,-1.239,0.000,1.000,0.000,0.000,0.000,0.000,0.000,0.000,0.000,0.000,"",
47.308,Right,-3.795,-0.279,-1.239,0.000,1.000,0.000,0.000,0.000,0.000,0.000,0.000,0.000,0.000,"",
47.323,Right,-3.795,-0.279,-1.239,0.000,1.000,0.000,0.000,0.000,0.000,0.000,0.000,0.000,0.000,"",
47.336,Right,-3.795,-0.279,-1.239,0.000,1.000,0.000,0.000,0.000,0.000,0.000,0.000,0.000,0.000,"",
47.349,Right,-3.795,-0.279,-1.239,0.000,1.000,0.000,0.000,0.000,0.000,0.000,0.000,0.000,0.000,"",
47.364,Right,-3.795,-0.279,-1.239,0.000,1.000,0.000,0.000,0.000,0.000,0.000,0.000,0.000,0.000,"",
47.378,Right,-3.795,-0.279,-1.239,0.000,1.000,0.000,0.000,0.000,0.000,0.000,0.000,0.000,0.000,"",
47.390,Right,-3.795,-0.279,-1.239,0.000,1.000,0.000,0.000,0.000,0.000,0.000,0.000,0.000,0.000,"",
47.406,Right,-3.795,-0.279,-1.239,0.000,1.000,0.000,0.000,0.000,0.000,0.000,0.000,0.000,0.000,"",
47.419,Right,-3.795,-0.279,-1.239,0.000,1.000,0.000,0.000,0.000,0.000,0.000,0.000,0.000,0.000,"",
47.432,Right,-3.795,-0.279,-1.239,0.000,1.000,0.000,0.000,0.000,0.000,0.000,0.000,0.000,0.000,"",
47.447,Right,-3.795,-0.279,-1.239,0.000,1.000,0.000,0.000,0.000,0.000,0.000,0.000,0.000,0.000,"",
47.461,Right,-3.795,-0.279,-1.239,0.000,1.000,0.000,0.000,0.000,0.000,0.000,0.000,0.000,0.000,"",
47.475,Right,-3.795,-0.279,-1.239,0.000,1.000,0.000,0.000,0.000,0.000,0.000,0.000,0.000,0.000,"",
47.488,Right,-3.795,-0.279,-1.239,0.000,1.000,0.000,0.000,0.000,0.000,0.000,0.000,0.000,0.000,"",
47.503,Right,-3.795,-0.279,-1.239,0.000,1.000,0.000,0.000,0.000,0.000,0.000,0.000,0.000,0.000,"",
47.517,Right,-3.795,-0.279,-1.239,0.000,1.000,0.000,0.000,0.000,0.000,0.000,0.000,0.000,0.000,"",
47.530,Right,-3.795,-0.279,-1.239,0.000,1.000,0.000,0.000,0.000,0.000,0.000,0.000,0.000,0.000,"",
47.545,Right,-3.795,-0.279,-1.239,0.000,1.000,0.000,0.000,0.000,0.000,0.000,0.000,0.000,0.000,"",
47.559,Right,-3.795,-0.279,-1.239,0.000,1.000,0.000,0.000,0.000,0.000,0.000,0.000,0.000,0.000,"",
47.572,Right,-3.795,-0.279,-1.239,0.000,1.000,0.000,0.000,0.000,0.000,0.000,0.000,0.000,0.000,"",
47.587,Right,-3.795,-0.279,-1.239,0.000,1.000,0.000,0.000,0.000,0.000,0.000,0.000,0.000,0.000,"",
47.601,Right,-3.795,-0.279,-1.239,0.000,1.000,0.000,0.000,0.000,0.000,0.000,0.000,0.000,0.000,"",
47.617,Right,-3.795,-0.279,-1.239,0.000,1.000,0.000,0.000,0.000,0.000,0.000,0.000,0.000,0.000,"",
47.629,Right,-3.795,-0.279,-1.239,0.000,1.000,0.000,0.000,0.000,0.000,0.000,0.000,0.000,0.000,"",
47.641,Right,-3.795,-0.279,-1.239,0.000,1.000,0.000,0.000,0.000,0.000,0.000,0.000,0.000,0.000,"",
47.656,Right,-3.795,-0.279,-1.239,0.000,1.000,0.000,0.000,0.000,0.000,0.000,0.000,0.000,0.000,"",
47.668,Right,-3.795,-0.279,-1.239,0.000,1.000,0.000,0.000,0.000,0.000,0.000,0.000,0.000,0.000,"",
47.684,Right,-3.795,-0.279,-1.239,0.000,1.000,0.000,0.000,0.000,0.000,0.000,0.000,0.000,0.000,"",
47.698,Right,-3.795,-0.279,-1.239,0.000,1.000,0.000,0.000,0.000,0.000,0.000,0.000,0.000,0.000,"",
47.710,Right,-3.795,-0.279,-1.239,0.000,1.000,0.000,0.000,0.000,0.000,0.000,0.000,0.000,0.000,"",
47.726,Right,-3.795,-0.279,-1.239,0.000,1.000,0.000,0.000,0.000,0.000,0.000,0.000,0.000,0.000,"",
47.740,Right,-3.795,-0.279,-1.239,0.000,1.000,0.000,0.000,0.000,0.000,0.000,0.000,0.000,0.000,"",
47.752,Right,-3.795,-0.279,-1.239,0.000,1.000,0.000,0.000,0.000,0.000,0.000,0.000,0.000,0.000,"",
47.767,Right,-3.795,-0.279,-1.239,0.000,1.000,0.000,0.000,0.000,0.000,0.000,0.000,0.000,0.000,"",
47.782,Right,-3.795,-0.279,-1.239,0.000,1.000,0.000,0.000,0.000,0.000,0.000,0.000,0.000,0.000,"",
47.795,Right,-3.795,-0.279,-1.239,0.000,1.000,0.000,0.000,0.000,0.000,0.000,0.000,0.000,0.000,"",
47.808,Right,-3.795,-0.279,-1.239,0.000,1.000,0.000,0.000,0.000,0.000,0.000,0.000,0.000,0.000,"",
47.823,Right,-3.795,-0.279,-1.239,0.000,1.000,0.000,0.000,0.000,0.000,0.000,0.000,0.000,0.000,"",
47.836,Right,-3.795,-0.279,-1.239,0.000,1.000,0.000,0.000,0.000,0.000,0.000,0.000,0.000,0.000,"",
47.850,Right,-3.795,-0.279,-1.239,0.000,1.000,0.000,0.000,0.000,0.000,0.000,0.000,0.000,0.000,"",
47.865,Right,-3.795,-0.279,-1.239,0.000,1.000,0.000,0.000,0.000,0.000,0.000,0.000,0.000,0.000,"",
47.878,Right,-3.795,-0.279,-1.239,0.000,1.000,0.000,0.000,0.000,0.000,0.000,0.000,0.000,0.000,"",
47.892,Right,-3.795,-0.279,-1.239,0.000,1.000,0.000,0.000,0.000,0.000,0.000,0.000,0.000,0.000,"",
47.907,Right,-3.795,-0.279,-1.239,0.000,1.000,0.000,0.000,0.000,0.000,0.000,0.000,0.000,0.000,"",
47.920,Right,-3.795,-0.279,-1.239,0.000,1.000,0.000,0.000,0.000,0.000,0.000,0.000,0.000,0.000,"",
47.933,Right,-3.795,-0.279,-1.239,0.000,1.000,0.000,0.000,0.000,0.000,0.000,0.000,0.000,0.000,"",
47.948,Right,-3.795,-0.279,-1.239,0.000,1.000,0.000,0.000,0.000,0.000,0.000,0.000,0.000,0.000,"",
47.962,Right,-3.795,-0.279,-1.239,0.000,1.000,0.000,0.000,0.000,0.000,0.000,0.000,0.000,0.000,"",
47.976,Right,-3.795,-0.279,-1.239,0.000,1.000,0.000,0.000,0.000,0.000,0.000,0.000,0.000,0.000,"",
47.990,Right,-3.795,-0.279,-1.239,0.000,1.000,0.000,0.000,0.000,0.000,0.000,0.000,0.000,0.000,"",
48.003,Right,-3.795,-0.279,-1.239,0.000,1.000,0.000,0.000,0.000,0.000,0.000,0.000,0.000,0.000,"",
48.018,Right,-3.795,-0.279,-1.239,0.000,1.000,0.000,0.000,0.000,0.000,0.000,0.000,0.000,0.000,"",
48.031,Right,-3.795,-0.279,-1.239,0.000,1.000,0.000,0.000,0.000,0.000,0.000,0.000,0.000,0.000,"",
48.046,Right,-3.795,-0.279,-1.239,0.000,1.000,0.000,0.000,0.000,0.000,0.000,0.000,0.000,0.000,"",
48.060,Right,-3.795,-0.279,-1.239,0.000,1.000,0.000,0.000,0.000,0.000,0.000,0.000,0.000,0.000,"",
48.073,Right,-3.795,-0.279,-1.239,0.000,1.000,0.000,0.000,0.000,0.000,0.000,0.000,0.000,0.000,"",
48.088,Right,-3.795,-0.279,-1.239,0.000,1.000,0.000,0.000,0.000,0.000,0.000,0.000,0.000,0.000,"",
48.101,Right,-3.795,-0.279,-1.239,0.000,1.000,0.000,0.000,0.000,0.000,0.000,0.000,0.000,0.000,"",
48.115,Right,-3.795,-0.279,-1.239,0.000,1.000,0.000,0.000,0.000,0.000,0.000,0.000,0.000,0.000,"",
48.128,Right,-3.795,-0.279,-1.239,0.000,1.000,0.000,0.000,0.000,0.000,0.000,0.000,0.000,0.000,"",
48.143,Right,-3.795,-0.279,-1.239,0.000,1.000,0.000,0.000,0.000,0.000,0.000,0.000,0.000,0.000,"",
48.157,Right,-3.795,-0.279,-1.239,0.000,1.000,0.000,0.000,0.000,0.000,0.000,0.000,0.000,0.000,"",
48.170,Right,-3.795,-0.279,-1.239,0.000,1.000,0.000,0.000,0.000,0.000,0.000,0.000,0.000,0.000,"",
48.185,Right,-3.795,-0.279,-1.239,0.000,1.000,0.000,0.000,0.000,0.000,0.000,0.000,0.000,0.000,"",
48.199,Right,-3.795,-0.279,-1.239,0.000,1.000,0.000,0.000,0.000,0.000,0.000,0.000,0.000,0.000,"",
48.212,Right,-3.795,-0.279,-1.239,0.000,1.000,0.000,0.000,0.000,0.000,0.000,0.000,0.000,0.000,"",
48.227,Right,-3.795,-0.279,-1.239,0.000,1.000,0.000,0.000,0.000,0.000,0.000,0.000,0.000,0.000,"",
48.240,Right,-3.795,-0.279,-1.239,0.000,1.000,0.000,0.000,0.000,0.000,0.000,0.000,0.000,0.000,"",
48.255,Right,-3.795,-0.279,-1.239,0.000,1.000,0.000,0.000,0.000,0.000,0.000,0.000,0.000,0.000,"",
48.267,Right,-3.795,-0.279,-1.239,0.000,1.000,0.000,0.000,0.000,0.000,0.000,0.000,0.000,0.000,"",
48.282,Right,-3.795,-0.279,-1.239,0.000,1.000,0.000,0.000,0.000,0.000,0.000,0.000,0.000,0.000,"",
48.296,Right,-3.795,-0.279,-1.239,0.000,1.000,0.000,0.000,0.000,0.000,0.000,0.000,0.000,0.000,"",
48.308,Right,-3.795,-0.279,-1.239,0.000,1.000,0.000,0.000,0.000,0.000,0.000,0.000,0.000,0.000,"",
48.324,Right,-3.795,-0.279,-1.239,0.000,1.000,0.000,0.000,0.000,0.000,0.000,0.000,0.000,0.000,"",
48.339,Right,-3.795,-0.279,-1.239,0.000,1.000,0.000,0.000,0.000,0.000,0.000,0.000,0.000,0.000,"",
48.352,Right,-3.795,-0.279,-1.239,0.000,1.000,0.000,0.000,0.000,0.000,0.000,0.000,0.000,0.000,"",
48.367,Right,-3.795,-0.279,-1.239,0.000,1.000,0.000,0.000,0.000,0.000,0.000,0.000,0.000,0.000,"",
48.381,Right,-3.795,-0.279,-1.239,0.000,1.000,0.000,0.000,0.000,0.000,0.000,0.000,0.000,0.000,"",
48.394,Right,-3.795,-0.279,-1.239,0.000,1.000,0.000,0.000,0.000,0.000,0.000,0.000,0.000,0.000,"",
48.407,Right,-3.795,-0.279,-1.239,0.000,1.000,0.000,0.000,0.000,0.000,0.000,0.000,0.000,0.000,"",
48.421,Right,-3.795,-0.279,-1.239,0.000,1.000,0.000,0.000,0.000,0.000,0.000,0.000,0.000,0.000,"",
48.436,Right,-3.795,-0.279,-1.239,0.000,1.000,0.000,0.000,0.000,0.000,0.000,0.000,0.000,0.000,"",
48.448,Right,-3.795,-0.279,-1.239,0.000,1.000,0.000,0.000,0.000,0.000,0.000,0.000,0.000,0.000,"",
48.464,Right,-3.795,-0.279,-1.239,0.000,1.000,0.000,0.000,0.000,0.000,0.000,0.000,0.000,0.000,"",
48.478,Right,-3.795,-0.279,-1.239,0.000,1.000,0.000,0.000,0.000,0.000,0.000,0.000,0.000,0.000,"",
48.491,Right,-3.795,-0.279,-1.239,0.000,1.000,0.000,0.000,0.000,0.000,0.000,0.000,0.000,0.000,"",
48.506,Right,-3.795,-0.279,-1.239,0.000,1.000,0.000,0.000,0.000,0.000,0.000,0.000,0.000,0.000,"",
48.519,Right,-3.795,-0.279,-1.239,0.000,1.000,0.000,0.000,0.000,0.000,0.000,0.000,0.000,0.000,"",
48.532,Right,-3.795,-0.279,-1.239,0.000,1.000,0.000,0.000,0.000,0.000,0.000,0.000,0.000,0.000,"",
48.547,Right,-3.795,-0.279,-1.239,0.000,1.000,0.000,0.000,0.000,0.000,0.000,0.000,0.000,0.000,"",
48.561,Right,-3.795,-0.279,-1.239,0.000,1.000,0.000,0.000,0.000,0.000,0.000,0.000,0.000,0.000,"",
48.575,Right,-3.795,-0.279,-1.239,0.000,1.000,0.000,0.000,0.000,0.000,0.000,0.000,0.000,0.000,"",
48.587,Right,-3.795,-0.279,-1.239,0.000,1.000,0.000,0.000,0.000,0.000,0.000,0.000,0.000,0.000,"",
48.603,Right,-3.795,-0.279,-1.239,0.000,1.000,0.000,0.000,0.000,0.000,0.000,0.000,0.000,0.000,"",
48.617,Right,-3.795,-0.279,-1.239,0.000,1.000,0.000,0.000,0.000,0.000,0.000,0.000,0.000,0.000,"",
48.630,Right,-3.795,-0.279,-1.239,0.000,1.000,0.000,0.000,0.000,0.000,0.000,0.000,0.000,0.000,"",
48.645,Right,-3.795,-0.279,-1.239,0.000,1.000,0.000,0.000,0.000,0.000,0.000,0.000,0.000,0.000,"",
48.659,Right,-3.795,-0.279,-1.239,0.000,1.000,0.000,0.000,0.000,0.000,0.000,0.000,0.000,0.000,"",
48.671,Right,-3.795,-0.279,-1.239,0.000,1.000,0.000,0.000,0.000,0.000,0.000,0.000,0.000,0.000,"",
48.686,Right,-3.795,-0.279,-1.239,0.000,1.000,0.000,0.000,0.000,0.000,0.000,0.000,0.000,0.000,"",
48.701,Right,-3.795,-0.279,-1.239,0.000,1.000,0.000,0.000,0.000,0.000,0.000,0.000,0.000,0.000,"",
48.714,Right,-3.795,-0.279,-1.239,0.000,1.000,0.000,0.000,0.000,0.000,0.000,0.000,0.000,0.000,"",
48.727,Right,-3.795,-0.279,-1.239,0.000,1.000,0.000,0.000,0.000,0.000,0.000,0.000,0.000,0.000,"",
48.742,Right,-3.795,-0.279,-1.239,0.000,1.000,0.000,0.000,0.000,0.000,0.000,0.000,0.000,0.000,"",
48.755,Right,-3.795,-0.279,-1.239,0.000,1.000,0.000,0.000,0.000,0.000,0.000,0.000,0.000,0.000,"",
48.768,Right,-3.795,-0.279,-1.239,0.000,1.000,0.000,0.000,0.000,0.000,0.000,0.000,0.000,0.000,"",
48.784,Right,-3.795,-0.279,-1.239,0.000,1.000,0.000,0.000,0.000,0.000,0.000,0.000,0.000,0.000,"",
48.797,Right,-3.795,-0.279,-1.239,0.000,1.000,0.000,0.000,0.000,0.000,0.000,0.000,0.000,0.000,"",
48.810,Right,-3.795,-0.279,-1.239,0.000,1.000,0.000,0.000,0.000,0.000,0.000,0.000,0.000,0.000,"",
48.826,Right,-3.795,-0.279,-1.239,0.000,1.000,0.000,0.000,0.000,0.000,0.000,0.000,0.000,0.000,"",
48.840,Right,-3.795,-0.279,-1.239,0.000,1.000,0.000,0.000,0.000,0.000,0.000,0.000,0.000,0.000,"",
48.853,Right,-3.795,-0.279,-1.239,0.000,1.000,0.000,0.000,0.000,0.000,0.000,0.000,0.000,0.000,"",
48.868,Right,-3.795,-0.279,-1.239,0.000,1.000,0.000,0.000,0.000,0.000,0.000,0.000,0.000,0.000,"",
48.881,Right,-3.795,-0.279,-1.239,0.000,1.000,0.000,0.000,0.000,0.000,0.000,0.000,0.000,0.000,"",
48.895,Right,-3.795,-0.279,-1.239,0.000,1.000,0.000,0.000,0.000,0.000,0.000,0.000,0.000,0.000,"",
48.908,Right,-3.795,-0.279,-1.239,0.000,1.000,0.000,0.000,0.000,0.000,0.000,0.000,0.000,0.000,"",
48.923,Right,-3.795,-0.279,-1.239,0.000,1.000,0.000,0.000,0.000,0.000,0.000,0.000,0.000,0.000,"",
48.937,Right,-3.795,-0.279,-1.239,0.000,1.000,0.000,0.000,0.000,0.000,0.000,0.000,0.000,0.000,"",
48.950,Right,-3.795,-0.279,-1.239,0.000,1.000,0.000,0.000,0.000,0.000,0.000,0.000,0.000,0.000,"",
48.966,Right,-3.795,-0.279,-1.239,0.000,1.000,0.000,0.000,0.000,0.000,0.000,0.000,0.000,0.000,"",
48.980,Right,-3.795,-0.279,-1.239,0.000,1.000,0.000,0.000,0.000,0.000,0.000,0.000,0.000,0.000,"",
48.995,Right,-3.795,-0.279,-1.239,0.000,1.000,0.000,0.000,0.000,0.000,0.000,0.000,0.000,0.000,"",
49.011,Right,-3.795,-0.279,-1.239,0.000,1.000,0.000,0.000,0.000,0.000,0.000,0.000,0.000,0.000,"",
49.034,Right,-3.795,-0.279,-1.239,0.000,1.000,0.000,0.000,0.000,0.000,0.000,0.000,0.000,0.000,"",
49.050,Right,-3.795,-0.279,-1.239,0.000,1.000,0.000,0.000,0.000,0.000,0.000,0.000,0.000,0.000,"",
49.063,Right,-3.795,-0.279,-1.239,0.000,1.000,0.000,0.000,0.000,0.000,0.000,0.000,0.000,0.000,"",
49.078,Right,-3.795,-0.279,-1.239,0.000,1.000,0.000,0.000,0.000,0.000,0.000,0.000,0.000,0.000,"",
49.090,Right,-3.795,-0.279,-1.239,0.000,1.000,0.000,0.000,0.000,0.000,0.000,0.000,0.000,0.000,"",
49.105,Right,-3.795,-0.279,-1.239,0.000,1.000,0.000,0.000,0.000,0.000,0.000,0.000,0.000,0.000,"",
49.118,Right,-3.795,-0.279,-1.239,0.000,1.000,0.000,0.000,0.000,0.000,0.000,0.000,0.000,0.000,"",
49.131,Right,-3.795,-0.279,-1.239,0.000,1.000,0.000,0.000,0.000,0.000,0.000,0.000,0.000,0.000,"",
49.146,Right,-3.795,-0.279,-1.239,0.000,1.000,0.000,0.000,0.000,0.000,0.000,0.000,0.000,0.000,"",
49.160,Right,-3.795,-0.279,-1.239,0.000,1.000,0.000,0.000,0.000,0.000,0.000,0.000,0.000,0.000,"",
49.174,Right,-3.795,-0.279,-1.239,0.000,1.000,0.000,0.000,0.000,0.000,0.000,0.000,0.000,0.000,"",
49.187,Right,-3.795,-0.279,-1.239,0.000,1.000,0.000,0.000,0.000,0.000,0.000,0.000,0.000,0.000,"",
49.201,Right,-3.795,-0.279,-1.239,0.000,1.000,0.000,0.000,0.000,0.000,0.000,0.000,0.000,0.000,"",
49.216,Right,-3.795,-0.279,-1.239,0.000,1.000,0.000,0.000,0.000,0.000,0.000,0.000,0.000,0.000,"",
49.228,Right,-3.795,-0.279,-1.239,0.000,1.000,0.000,0.000,0.000,0.000,0.000,0.000,0.000,0.000,"",
49.242,Right,-3.795,-0.279,-1.239,0.000,1.000,0.000,0.000,0.000,0.000,0.000,0.000,0.000,0.000,"",
49.257,Right,-3.795,-0.279,-1.239,0.000,1.000,0.000,0.000,0.000,0.000,0.000,0.000,0.000,0.000,"",
49.269,Right,-3.795,-0.279,-1.239,0.000,1.000,0.000,0.000,0.000,0.000,0.000,0.000,0.000,0.000,"",
49.284,Right,-3.795,-0.279,-1.239,0.000,1.000,0.000,0.000,0.000,0.000,0.000,0.000,0.000,0.000,"",
49.300,Right,-3.795,-0.279,-1.239,0.000,1.000,0.000,0.000,0.000,0.000,0.000,0.000,0.000,0.000,"",
49.315,Right,-3.795,-0.279,-1.239,0.000,1.000,0.000,0.000,0.000,0.000,0.000,0.000,0.000,0.000,"",
49.341,Right,-3.795,-0.279,-1.239,0.000,1.000,0.000,0.000,0.000,0.000,0.000,0.000,0.000,0.000,"",
49.362,Right,-3.795,-0.279,-1.239,0.000,1.000,0.000,0.000,0.000,0.000,0.000,0.000,0.000,0.000,"",
49.381,Right,-3.795,-0.279,-1.239,0.000,1.000,0.000,0.000,0.000,0.000,0.000,0.000,0.000,0.000,"",
49.397,Right,-3.795,-0.279,-1.239,0.000,1.000,0.000,0.000,0.000,0.000,0.000,0.000,0.000,0.000,"",
49.411,Right,-3.795,-0.279,-1.239,0.000,1.000,0.000,0.000,0.000,0.000,0.000,0.000,0.000,0.000,"",
49.425,Right,-3.795,-0.279,-1.239,0.000,1.000,0.000,0.000,0.000,0.000,0.000,0.000,0.000,0.000,"",
49.439,Right,-3.795,-0.279,-1.239,0.000,1.000,0.000,0.000,0.000,0.000,0.000,0.000,0.000,0.000,"",
49.453,Right,-3.795,-0.279,-1.239,0.000,1.000,0.000,0.000,0.000,0.000,0.000,0.000,0.000,0.000,"",
49.472,Right,-3.795,-0.279,-1.239,0.000,1.000,0.000,0.000,0.000,0.000,0.000,0.000,0.000,0.000,"",
49.495,Right,-3.795,-0.279,-1.239,0.000,1.000,0.000,0.000,0.000,0.000,0.000,0.000,0.000,0.000,"",
49.509,Right,-3.795,-0.279,-1.239,0.000,1.000,0.000,0.000,0.000,0.000,0.000,0.000,0.000,0.000,"",
49.523,Right,-3.795,-0.279,-1.239,0.000,1.000,0.000,0.000,0.000,0.000,0.000,0.000,0.000,0.000,"",
49.549,Right,-3.795,-0.279,-1.239,0.000,1.000,0.000,0.000,0.000,0.000,0.000,0.000,0.000,0.000,"",
49.564,Right,-3.795,-0.279,-1.239,0.000,1.000,0.000,0.000,0.000,0.000,0.000,0.000,0.000,0.000,"",
49.589,Right,-3.795,-0.279,-1.239,0.000,1.000,0.000,0.000,0.000,0.000,0.000,0.000,0.000,0.000,"",
49.604,Right,-3.795,-0.279,-1.239,0.000,1.000,0.000,0.000,0.000,0.000,0.000,0.000,0.000,0.000,"",
49.618,Right,-3.795,-0.279,-1.239,0.000,1.000,0.000,0.000,0.000,0.000,0.000,0.000,0.000,0.000,"",
49.630,Right,-3.795,-0.279,-1.239,0.000,1.000,0.000,0.000,0.000,0.000,0.000,0.000,0.000,0.000,"",
49.645,Right,-3.795,-0.279,-1.239,0.000,1.000,0.000,0.000,0.000,0.000,0.000,0.000,0.000,0.000,"",
49.658,Right,-3.795,-0.279,-1.239,0.000,1.000,0.000,0.000,0.000,0.000,0.000,0.000,0.000,0.000,"",
49.672,Right,-3.795,-0.279,-1.239,0.000,1.000,0.000,0.000,0.000,0.000,0.000,0.000,0.000,0.000,"",
49.687,Right,-3.795,-0.279,-1.239,0.000,1.000,0.000,0.000,0.000,0.000,0.000,0.000,0.000,0.000,"",
49.700,Right,-3.795,-0.279,-1.239,0.000,1.000,0.000,0.000,0.000,0.000,0.000,0.000,0.000,0.000,"",
49.715,Right,-3.795,-0.279,-1.239,0.000,1.000,0.000,0.000,0.000,0.000,0.000,0.000,0.000,0.000,"",
49.728,Right,-3.795,-0.279,-1.239,0.000,1.000,0.000,0.000,0.000,0.000,0.000,0.000,0.000,0.000,"",
49.743,Right,-3.795,-0.279,-1.239,0.000,1.000,0.000,0.000,0.000,0.000,0.000,0.000,0.000,0.000,"",
49.756,Right,-3.795,-0.279,-1.239,0.000,1.000,0.000,0.000,0.000,0.000,0.000,0.000,0.000,0.000,"",
49.773,Right,-3.795,-0.279,-1.239,0.000,1.000,0.000,0.000,0.000,0.000,0.000,0.000,0.000,0.000,"",
49.785,Right,-3.795,-0.279,-1.239,0.000,1.000,0.000,0.000,0.000,0.000,0.000,0.000,0.000,0.000,"",
49.799,Right,-3.795,-0.279,-1.239,0.000,1.000,0.000,0.000,0.000,0.000,0.000,0.000,0.000,0.000,"",
49.812,Right,-3.795,-0.279,-1.239,0.000,1.000,0.000,0.000,0.000,0.000,0.000,0.000,0.000,0.000,"",
49.826,Right,-3.795,-0.279,-1.239,0.000,1.000,0.000,0.000,0.000,0.000,0.000,0.000,0.000,0.000,"",
49.840,Right,-3.795,-0.279,-1.239,0.000,1.000,0.000,0.000,0.000,0.000,0.000,0.000,0.000,0.000,"",
49.854,Right,-3.795,-0.279,-1.239,0.000,1.000,0.000,0.000,0.000,0.000,0.000,0.000,0.000,0.000,"",
49.868,Right,-3.795,-0.279,-1.239,0.000,1.000,0.000,0.000,0.000,0.000,0.000,0.000,0.000,0.000,"",
49.883,Right,-3.795,-0.279,-1.239,0.000,1.000,0.000,0.000,0.000,0.000,0.000,0.000,0.000,0.000,"",
49.898,Right,-3.795,-0.279,-1.239,0.000,1.000,0.000,0.000,0.000,0.000,0.000,0.000,0.000,0.000,"",
49.910,Right,-3.795,-0.279,-1.239,0.000,1.000,0.000,0.000,0.000,0.000,0.000,0.000,0.000,0.000,"",
49.925,Right,-3.795,-0.279,-1.239,0.000,1.000,0.000,0.000,0.000,0.000,0.000,0.000,0.000,0.000,"",
49.938,Right,-3.795,-0.279,-1.239,0.000,1.000,0.000,0.000,0.000,0.000,0.000,0.000,0.000,0.000,"",
49.951,Right,-3.795,-0.279,-1.239,0.000,1.000,0.000,0.000,0.000,0.000,0.000,0.000,0.000,0.000,"",
49.966,Right,-3.795,-0.279,-1.239,0.000,1.000,0.000,0.000,0.000,0.000,0.000,0.000,0.000,0.000,"",
49.980,Right,-3.795,-0.279,-1.239,0.000,1.000,0.000,0.000,0.000,0.000,0.000,0.000,0.000,0.000,"",
49.994,Right,-3.795,-0.279,-1.239,0.000,1.000,0.000,0.000,0.000,0.000,0.000,0.000,0.000,0.000,"",
50.008,Right,-3.795,-0.279,-1.239,0.000,1.000,0.000,0.000,0.000,0.000,0.000,0.000,0.000,0.000,"",
50.022,Right,-3.795,-0.279,-1.239,0.000,1.000,0.000,0.000,0.000,0.000,0.000,0.000,0.000,0.000,"",
50.035,Right,-3.795,-0.279,-1.239,0.000,1.000,0.000,0.000,0.000,0.000,0.000,0.000,0.000,0.000,"",
50.048,Right,-3.795,-0.279,-1.239,0.000,1.000,0.000,0.000,0.000,0.000,0.000,0.000,0.000,0.000,"",
50.064,Right,-3.795,-0.279,-1.239,0.000,1.000,0.000,0.000,0.000,0.000,0.000,0.000,0.000,0.000,"",
50.078,Right,-3.795,-0.279,-1.239,0.000,1.000,0.000,0.000,0.000,0.000,0.000,0.000,0.000,0.000,"",
50.091,Right,-3.795,-0.279,-1.239,0.000,1.000,0.000,0.000,0.000,0.000,0.000,0.000,0.000,0.000,"",
50.106,Right,-3.795,-0.279,-1.239,0.000,1.000,0.000,0.000,0.000,0.000,0.000,0.000,0.000,0.000,"",
50.120,Right,-3.795,-0.279,-1.239,0.000,1.000,0.000,0.000,0.000,0.000,0.000,0.000,0.000,0.000,"",
50.133,Right,-3.795,-0.279,-1.239,0.000,1.000,0.000,0.000,0.000,0.000,0.000,0.000,0.000,0.000,"",
50.148,Right,-3.795,-0.279,-1.239,0.000,1.000,0.000,0.000,0.000,0.000,0.000,0.000,0.000,0.000,"",
50.162,Right,-3.795,-0.279,-1.239,0.000,1.000,0.000,0.000,0.000,0.000,0.000,0.000,0.000,0.000,"",
50.177,Right,-3.795,-0.279,-1.239,0.000,1.000,0.000,0.000,0.000,0.000,0.000,0.000,0.000,0.000,"",
50.201,Right,-3.795,-0.279,-1.239,0.000,1.000,0.000,0.000,0.000,0.000,0.000,0.000,0.000,0.000,"",
50.216,Right,-3.795,-0.279,-1.239,0.000,1.000,0.000,0.000,0.000,0.000,0.000,0.000,0.000,0.000,"",
50.230,Right,-3.795,-0.279,-1.239,0.000,1.000,0.000,0.000,0.000,0.000,0.000,0.000,0.000,0.000,"",
50.245,Right,-3.795,-0.279,-1.239,0.000,1.000,0.000,0.000,0.000,0.000,0.000,0.000,0.000,0.000,"",
50.259,Right,-3.795,-0.279,-1.239,0.000,1.000,0.000,0.000,0.000,0.000,0.000,0.000,0.000,0.000,"",
50.272,Right,-3.795,-0.279,-1.239,0.000,1.000,0.000,0.000,0.000,0.000,0.000,0.000,0.000,0.000,"",
50.287,Right,-3.795,-0.279,-1.239,0.000,1.000,0.000,0.000,0.000,0.000,0.000,0.000,0.000,0.000,"",
50.301,Right,-3.795,-0.279,-1.239,0.000,1.000,0.000,0.000,0.000,0.000,0.000,0.000,0.000,0.000,"",
50.316,Right,-3.795,-0.279,-1.239,0.000,1.000,0.000,0.000,0.000,0.000,0.000,0.000,0.000,0.000,"",
50.342,Right,-3.795,-0.279,-1.239,0.000,1.000,0.000,0.000,0.000,0.000,0.000,0.000,0.000,0.000,"",
50.357,Right,-3.795,-0.279,-1.239,0.000,1.000,0.000,0.000,0.000,0.000,0.000,0.000,0.000,0.000,"",
50.370,Right,-3.795,-0.279,-1.239,0.000,1.000,0.000,0.000,0.000,0.000,0.000,0.000,0.000,0.000,"",
50.385,Right,-3.795,-0.279,-1.239,0.000,1.000,0.000,0.000,0.000,0.000,0.000,0.000,0.000,0.000,"",
50.410,Right,-3.795,-0.279,-1.239,0.000,1.000,0.000,0.000,0.000,0.000,0.000,0.000,0.000,0.000,"",
50.424,Right,-3.795,-0.279,-1.239,0.000,1.000,0.000,0.000,0.000,0.000,0.000,0.000,0.000,0.000,"",
50.439,Right,-3.795,-0.279,-1.239,0.000,1.000,0.000,0.000,0.000,0.000,0.000,0.000,0.000,0.000,"",
50.452,Right,-3.795,-0.279,-1.239,0.000,1.000,0.000,0.000,0.000,0.000,0.000,0.000,0.000,0.000,"",
50.469,Right,-3.795,-0.279,-1.239,0.000,1.000,0.000,0.000,0.000,0.000,0.000,0.000,0.000,0.000,"",
50.494,Right,-3.795,-0.279,-1.239,0.000,1.000,0.000,0.000,0.000,0.000,0.000,0.000,0.000,0.000,"",
50.507,Right,-3.795,-0.279,-1.239,0.000,1.000,0.000,0.000,0.000,0.000,0.000,0.000,0.000,0.000,"",
50.520,Right,-3.795,-0.279,-1.239,0.000,1.000,0.000,0.000,0.000,0.000,0.000,0.000,0.000,0.000,"",
50.534,Right,-3.795,-0.279,-1.239,0.000,1.000,0.000,0.000,0.000,0.000,0.000,0.000,0.000,0.000,"",
50.546,Right,-3.795,-0.279,-1.239,0.000,1.000,0.000,0.000,0.000,0.000,0.000,0.000,0.000,0.000,"",
50.563,Right,-3.795,-0.279,-1.239,0.000,1.000,0.000,0.000,0.000,0.000,0.000,0.000,0.000,0.000,"",
50.576,Right,-3.795,-0.279,-1.239,0.000,1.000,0.000,0.000,0.000,0.000,0.000,0.000,0.000,0.000,"",
50.590,Right,-3.795,-0.279,-1.239,0.000,1.000,0.000,0.000,0.000,0.000,0.000,0.000,0.000,0.000,"",
50.605,Right,-3.795,-0.279,-1.239,0.000,1.000,0.000,0.000,0.000,0.000,0.000,0.000,0.000,0.000,"",
50.620,Right,-3.795,-0.279,-1.239,0.000,1.000,0.000,0.000,0.000,0.000,0.000,0.000,0.000,0.000,"",
50.634,Right,-3.795,-0.279,-1.239,0.000,1.000,0.000,0.000,0.000,0.000,0.000,0.000,0.000,0.000,"",
50.647,Right,-3.795,-0.279,-1.239,0.000,1.000,0.000,0.000,0.000,0.000,0.000,0.000,0.000,0.000,"",
50.663,Right,-3.795,-0.279,-1.239,0.000,1.000,0.000,0.000,0.000,0.000,0.000,0.000,0.000,0.000,"",
50.678,Right,-3.795,-0.279,-1.239,0.000,1.000,0.000,0.000,0.000,0.000,0.000,0.000,0.000,0.000,"",
50.691,Right,-3.795,-0.279,-1.239,0.000,1.000,0.000,0.000,0.000,0.000,0.000,0.000,0.000,0.000,"",
50.704,Right,-3.795,-0.279,-1.239,0.000,1.000,0.000,0.000,0.000,0.000,0.000,0.000,0.000,0.000,"",
50.717,Right,-3.795,-0.279,-1.239,0.000,1.000,0.000,0.000,0.000,0.000,0.000,0.000,0.000,0.000,"",
50.731,Right,-3.795,-0.279,-1.239,0.000,1.000,0.000,0.000,0.000,0.000,0.000,0.000,0.000,0.000,"",
50.745,Right,-3.795,-0.279,-1.239,0.000,1.000,0.000,0.000,0.000,0.000,0.000,0.000,0.000,0.000,"",
50.760,Right,-3.795,-0.279,-1.239,0.000,1.000,0.000,0.000,0.000,0.000,0.000,0.000,0.000,0.000,"",
50.773,Right,-3.795,-0.279,-1.239,0.000,1.000,0.000,0.000,0.000,0.000,0.000,0.000,0.000,0.000,"",
50.787,Right,-3.795,-0.279,-1.239,0.000,1.000,0.000,0.000,0.000,0.000,0.000,0.000,0.000,0.000,"",
50.800,Right,-3.795,-0.279,-1.239,0.000,1.000,0.000,0.000,0.000,0.000,0.000,0.000,0.000,0.000,"",
50.816,Right,-3.795,-0.279,-1.239,0.000,1.000,0.000,0.000,0.000,0.000,0.000,0.000,0.000,0.000,"",
50.828,Right,-3.795,-0.279,-1.239,0.000,1.000,0.000,0.000,0.000,0.000,0.000,0.000,0.000,0.000,"",
50.842,Right,-3.795,-0.279,-1.239,0.000,1.000,0.000,0.000,0.000,0.000,0.000,0.000,0.000,0.000,"",
50.857,Right,-3.795,-0.279,-1.239,0.000,1.000,0.000,0.000,0.000,0.000,0.000,0.000,0.000,0.000,"",
50.869,Right,-3.795,-0.279,-1.239,0.000,1.000,0.000,0.000,0.000,0.000,0.000,0.000,0.000,0.000,"",
50.884,Right,-3.795,-0.279,-1.239,0.000,1.000,0.000,0.000,0.000,0.000,0.000,0.000,0.000,0.000,"",
50.899,Right,-3.795,-0.279,-1.239,0.000,1.000,0.000,0.000,0.000,0.000,0.000,0.000,0.000,0.000,"",
50.912,Right,-3.795,-0.279,-1.239,0.000,1.000,0.000,0.000,0.000,0.000,0.000,0.000,0.000,0.000,"",
50.927,Right,-3.795,-0.279,-1.239,0.000,1.000,0.000,0.000,0.000,0.000,0.000,0.000,0.000,0.000,"",
50.941,Right,-3.795,-0.279,-1.239,0.000,1.000,0.000,0.000,0.000,0.000,0.000,0.000,0.000,0.000,"",
50.953,Right,-3.795,-0.279,-1.239,0.000,1.000,0.000,0.000,0.000,0.000,0.000,0.000,0.000,0.000,"",
50.967,Right,-3.795,-0.279,-1.239,0.000,1.000,0.000,0.000,0.000,0.000,0.000,0.000,0.000,0.000,"",
50.983,Right,-3.795,-0.279,-1.239,0.000,1.000,0.000,0.000,0.000,0.000,0.000,0.000,0.000,0.000,"",
50.998,Right,-3.795,-0.279,-1.239,0.000,1.000,0.000,0.000,0.000,0.000,0.000,0.000,0.000,0.000,"",
51.010,Right,-3.795,-0.279,-1.239,0.000,1.000,0.000,0.000,0.000,0.000,0.000,0.000,0.000,0.000,"",
51.026,Right,-3.795,-0.279,-1.239,0.000,1.000,0.000,0.000,0.000,0.000,0.000,0.000,0.000,0.000,"",
51.039,Right,-3.795,-0.279,-1.239,0.000,1.000,0.000,0.000,0.000,0.000,0.000,0.000,0.000,0.000,"",
51.051,Right,-3.795,-0.279,-1.239,0.000,1.000,0.000,0.000,0.000,0.000,0.000,0.000,0.000,0.000,"",
51.068,Right,-3.795,-0.279,-1.239,0.000,1.000,0.000,0.000,0.000,0.000,0.000,0.000,0.000,0.000,"",
51.083,Right,-3.795,-0.279,-1.239,0.000,1.000,0.000,0.000,0.000,0.000,0.000,0.000,0.000,0.000,"",
51.107,Right,-3.795,-0.279,-1.239,0.000,1.000,0.000,0.000,0.000,0.000,0.000,0.000,0.000,0.000,"",
51.120,Right,-3.795,-0.279,-1.239,0.000,1.000,0.000,0.000,0.000,0.000,0.000,0.000,0.000,0.000,"",
51.135,Right,-3.795,-0.279,-1.239,0.000,1.000,0.000,0.000,0.000,0.000,0.000,0.000,0.000,0.000,"",
51.149,Right,-3.795,-0.279,-1.239,0.000,1.000,0.000,0.000,0.000,0.000,0.000,0.000,0.000,0.000,"",
51.164,Right,-3.795,-0.279,-1.239,0.000,1.000,0.000,0.000,0.000,0.000,0.000,0.000,0.000,0.000,"",
51.177,Right,-3.795,-0.279,-1.239,0.000,1.000,0.000,0.000,0.000,0.000,0.000,0.000,0.000,0.000,"",
51.189,Right,-3.795,-0.279,-1.239,0.000,1.000,0.000,0.000,0.000,0.000,0.000,0.000,0.000,0.000,"",
51.204,Right,-3.795,-0.279,-1.239,0.000,1.000,0.000,0.000,0.000,0.000,0.000,0.000,0.000,0.000,"",
51.218,Right,-3.795,-0.279,-1.239,0.000,1.000,0.000,0.000,0.000,0.000,0.000,0.000,0.000,0.000,"",
51.232,Right,-3.795,-0.279,-1.239,0.000,1.000,0.000,0.000,0.000,0.000,0.000,0.000,0.000,0.000,"",
51.246,Right,-3.795,-0.279,-1.239,0.000,1.000,0.000,0.000,0.000,0.000,0.000,0.000,0.000,0.000,"",
51.259,Right,-3.795,-0.279,-1.239,0.000,1.000,0.000,0.000,0.000,0.000,0.000,0.000,0.000,0.000,"",
51.272,Right,-3.795,-0.279,-1.239,0.000,1.000,0.000,0.000,0.000,0.000,0.000,0.000,0.000,0.000,"",
51.288,Right,-3.795,-0.279,-1.239,0.000,1.000,0.000,0.000,0.000,0.000,0.000,0.000,0.000,0.000,"",
51.302,Right,-3.795,-0.279,-1.239,0.000,1.000,0.000,0.000,0.000,0.000,0.000,0.000,0.000,0.000,"",
51.316,Right,-3.795,-0.279,-1.239,0.000,1.000,0.000,0.000,0.000,0.000,0.000,0.000,0.000,0.000,"",
51.330,Right,-3.795,-0.279,-1.239,0.000,1.000,0.000,0.000,0.000,0.000,0.000,0.000,0.000,0.000,"",
51.344,Right,-3.795,-0.279,-1.239,0.000,1.000,0.000,0.000,0.000,0.000,0.000,0.000,0.000,0.000,"",
51.358,Right,-3.795,-0.279,-1.239,0.000,1.000,0.000,0.000,0.000,0.000,0.000,0.000,0.000,0.000,"",
51.372,Right,-3.795,-0.279,-1.239,0.000,1.000,0.000,0.000,0.000,0.000,0.000,0.000,0.000,0.000,"",
51.386,Right,-3.795,-0.279,-1.239,0.000,1.000,0.000,0.000,0.000,0.000,0.000,0.000,0.000,0.000,"",
51.401,Right,-3.795,-0.279,-1.239,0.000,1.000,0.000,0.000,0.000,0.000,0.000,0.000,0.000,0.000,"",
51.415,Right,-3.795,-0.279,-1.239,0.000,1.000,0.000,0.000,0.000,0.000,0.000,0.000,0.000,0.000,"",
51.426,Right,-3.795,-0.279,-1.239,0.000,1.000,0.000,0.000,0.000,0.000,0.000,0.000,0.000,0.000,"",
51.441,Right,-3.795,-0.279,-1.239,0.000,1.000,0.000,0.000,0.000,0.000,0.000,0.000,0.000,0.000,"",
51.455,Right,-3.795,-0.279,-1.239,0.000,1.000,0.000,0.000,0.000,0.000,0.000,0.000,0.000,0.000,"",
51.467,Right,-3.795,-0.279,-1.239,0.000,1.000,0.000,0.000,0.000,0.000,0.000,0.000,0.000,0.000,"",
51.482,Right,-3.795,-0.279,-1.239,0.000,1.000,0.000,0.000,0.000,0.000,0.000,0.000,0.000,0.000,"",
51.497,Right,-3.795,-0.279,-1.239,0.000,1.000,0.000,0.000,0.000,0.000,0.000,0.000,0.000,0.000,"",
51.510,Right,-3.795,-0.279,-1.239,0.000,1.000,0.000,0.000,0.000,0.000,0.000,0.000,0.000,0.000,"",
51.524,Right,-3.795,-0.279,-1.239,0.000,1.000,0.000,0.000,0.000,0.000,0.000,0.000,0.000,0.000,"",
51.539,Right,-3.795,-0.279,-1.239,0.000,1.000,0.000,0.000,0.000,0.000,0.000,0.000,0.000,0.000,"",
51.551,Right,-3.795,-0.279,-1.239,0.000,1.000,0.000,0.000,0.000,0.000,0.000,0.000,0.000,0.000,"",
51.566,Right,-3.795,-0.279,-1.239,0.000,1.000,0.000,0.000,0.000,0.000,0.000,0.000,0.000,0.000,"",
51.581,Right,-3.795,-0.279,-1.239,0.000,1.000,0.000,0.000,0.000,0.000,0.000,0.000,0.000,0.000,"",
51.594,Right,-3.795,-0.279,-1.239,0.000,1.000,0.000,0.000,0.000,0.000,0.000,0.000,0.000,0.000,"",
51.607,Right,-3.795,-0.279,-1.239,0.000,1.000,0.000,0.000,0.000,0.000,0.000,0.000,0.000,0.000,"",
51.622,Right,-3.795,-0.279,-1.239,0.000,1.000,0.000,0.000,0.000,0.000,0.000,0.000,0.000,0.000,"",
51.636,Right,-3.795,-0.279,-1.239,0.000,1.000,0.000,0.000,0.000,0.000,0.000,0.000,0.000,0.000,"",
51.650,Right,-3.795,-0.279,-1.239,0.000,1.000,0.000,0.000,0.000,0.000,0.000,0.000,0.000,0.000,"",
51.665,Right,-3.795,-0.279,-1.239,0.000,1.000,0.000,0.000,0.000,0.000,0.000,0.000,0.000,0.000,"",
51.679,Right,-3.795,-0.279,-1.239,0.000,1.000,0.000,0.000,0.000,0.000,0.000,0.000,0.000,0.000,"",
51.691,Right,-3.795,-0.279,-1.239,0.000,1.000,0.000,0.000,0.000,0.000,0.000,0.000,0.000,0.000,"",
51.706,Right,-3.795,-0.279,-1.239,0.000,1.000,0.000,0.000,0.000,0.000,0.000,0.000,0.000,0.000,"",
51.719,Right,-3.795,-0.279,-1.239,0.000,1.000,0.000,0.000,0.000,0.000,0.000,0.000,0.000,0.000,"",
51.732,Right,-3.795,-0.279,-1.239,0.000,1.000,0.000,0.000,0.000,0.000,0.000,0.000,0.000,0.000,"",
51.748,Right,-3.795,-0.279,-1.239,0.000,1.000,0.000,0.000,0.000,0.000,0.000,0.000,0.000,0.000,"",
51.762,Right,-3.795,-0.279,-1.239,0.000,1.000,0.000,0.000,0.000,0.000,0.000,0.000,0.000,0.000,"",
51.776,Right,-3.795,-0.279,-1.239,0.000,1.000,0.000,0.000,0.000,0.000,0.000,0.000,0.000,0.000,"",
51.788,Right,-3.795,-0.279,-1.239,0.000,1.000,0.000,0.000,0.000,0.000,0.000,0.000,0.000,0.000,"",
51.804,Right,-3.795,-0.279,-1.239,0.000,1.000,0.000,0.000,0.000,0.000,0.000,0.000,0.000,0.000,"",
51.818,Right,-3.795,-0.279,-1.239,0.000,1.000,0.000,0.000,0.000,0.000,0.000,0.000,0.000,0.000,"",
51.830,Right,-3.795,-0.279,-1.239,0.000,1.000,0.000,0.000,0.000,0.000,0.000,0.000,0.000,0.000,"",
51.846,Right,-3.795,-0.279,-1.239,0.000,1.000,0.000,0.000,0.000,0.000,0.000,0.000,0.000,0.000,"",
51.860,Right,-3.795,-0.279,-1.239,0.000,1.000,0.000,0.000,0.000,0.000,0.000,0.000,0.000,0.000,"",
51.874,Right,-3.795,-0.279,-1.239,0.000,1.000,0.000,0.000,0.000,0.000,0.000,0.000,0.000,0.000,"",
51.889,Right,-3.795,-0.279,-1.239,0.000,1.000,0.000,0.000,0.000,0.000,0.000,0.000,0.000,0.000,"",
51.902,Right,-3.795,-0.279,-1.239,0.000,1.000,0.000,0.000,0.000,0.000,0.000,0.000,0.000,0.000,"",
51.915,Right,-3.795,-0.279,-1.239,0.000,1.000,0.000,0.000,0.000,0.000,0.000,0.000,0.000,0.000,"",
51.927,Right,-3.795,-0.279,-1.239,0.000,1.000,0.000,0.000,0.000,0.000,0.000,0.000,0.000,0.000,"",
51.942,Right,-3.795,-0.279,-1.239,0.000,1.000,0.000,0.000,0.000,0.000,0.000,0.000,0.000,0.000,"",
51.957,Right,-3.795,-0.279,-1.239,0.000,1.000,0.000,0.000,0.000,0.000,0.000,0.000,0.000,0.000,"",
51.970,Right,-3.795,-0.279,-1.239,0.000,1.000,0.000,0.000,0.000,0.000,0.000,0.000,0.000,0.000,"",
51.985,Right,-3.795,-0.279,-1.239,0.000,1.000,0.000,0.000,0.000,0.000,0.000,0.000,0.000,0.000,"",
51.999,Right,-3.795,-0.279,-1.239,0.000,1.000,0.000,0.000,0.000,0.000,0.000,0.000,0.000,0.000,"",
52.011,Right,-3.795,-0.279,-1.239,0.000,1.000,0.000,0.000,0.000,0.000,0.000,0.000,0.000,0.000,"",
52.026,Right,-3.795,-0.279,-1.239,0.000,1.000,0.000,0.000,0.000,0.000,0.000,0.000,0.000,0.000,"",
52.040,Right,-3.795,-0.279,-1.239,0.000,1.000,0.000,0.000,0.000,0.000,0.000,0.000,0.000,0.000,"",
52.054,Right,-3.795,-0.279,-1.239,0.000,1.000,0.000,0.000,0.000,0.000,0.000,0.000,0.000,0.000,"",
52.069,Right,-3.795,-0.279,-1.239,0.000,1.000,0.000,0.000,0.000,0.000,0.000,0.000,0.000,0.000,"",
52.084,Right,-3.795,-0.279,-1.239,0.000,1.000,0.000,0.000,0.000,0.000,0.000,0.000,0.000,0.000,"",
52.097,Right,-3.795,-0.279,-1.239,0.000,1.000,0.000,0.000,0.000,0.000,0.000,0.000,0.000,0.000,"",
52.110,Right,-3.795,-0.279,-1.239,0.000,1.000,0.000,0.000,0.000,0.000,0.000,0.000,0.000,0.000,"",
52.125,Right,-3.795,-0.279,-1.239,0.000,1.000,0.000,0.000,0.000,0.000,0.000,0.000,0.000,0.000,"",
52.140,Right,-3.795,-0.279,-1.239,0.000,1.000,0.000,0.000,0.000,0.000,0.000,0.000,0.000,0.000,"",
52.154,Right,-3.795,-0.279,-1.239,0.000,1.000,0.000,0.000,0.000,0.000,0.000,0.000,0.000,0.000,"",
52.167,Right,-3.795,-0.279,-1.239,0.000,1.000,0.000,0.000,0.000,0.000,0.000,0.000,0.000,0.000,"",
52.186,Right,-3.795,-0.279,-1.239,0.000,1.000,0.000,0.000,0.000,0.000,0.000,0.000,0.000,0.000,"",
52.210,Right,-3.795,-0.279,-1.239,0.000,1.000,0.000,0.000,0.000,0.000,0.000,0.000,0.000,0.000,"",
52.225,Right,-3.795,-0.279,-1.239,0.000,1.000,0.000,0.000,0.000,0.000,0.000,0.000,0.000,0.000,"",
52.238,Right,-3.795,-0.279,-1.239,0.000,1.000,0.000,0.000,0.000,0.000,0.000,0.000,0.000,0.000,"",
52.251,Right,-3.795,-0.279,-1.239,0.000,1.000,0.000,0.000,0.000,0.000,0.000,0.000,0.000,0.000,"",
52.266,Right,-3.795,-0.279,-1.239,0.000,1.000,0.000,0.000,0.000,0.000,0.000,0.000,0.000,0.000,"",
52.280,Right,-3.795,-0.279,-1.239,0.000,1.000,0.000,0.000,0.000,0.000,0.000,0.000,0.000,0.000,"",
52.292,Right,-3.795,-0.279,-1.239,0.000,1.000,0.000,0.000,0.000,0.000,0.000,0.000,0.000,0.000,"",
52.306,Right,-3.795,-0.279,-1.239,0.000,1.000,0.000,0.000,0.000,0.000,0.000,0.000,0.000,0.000,"",
52.319,Right,-3.795,-0.279,-1.239,0.000,1.000,0.000,0.000,0.000,0.000,0.000,0.000,0.000,0.000,"",
52.332,Right,-3.795,-0.279,-1.239,0.000,1.000,0.000,0.000,0.000,0.000,0.000,0.000,0.000,0.000,"",
52.347,Right,-3.795,-0.279,-1.239,0.000,1.000,0.000,0.000,0.000,0.000,0.000,0.000,0.000,0.000,"",
52.362,Right,-3.795,-0.279,-1.239,0.000,1.000,0.000,0.000,0.000,0.000,0.000,0.000,0.000,0.000,"",
52.376,Right,-3.795,-0.279,-1.239,0.000,1.000,0.000,0.000,0.000,0.000,0.000,0.000,0.000,0.000,"",
52.389,Right,-3.795,-0.279,-1.239,0.000,1.000,0.000,0.000,0.000,0.000,0.000,0.000,0.000,0.000,"",
52.402,Right,-3.795,-0.279,-1.239,0.000,1.000,0.000,0.000,0.000,0.000,0.000,0.000,0.000,0.000,"",
52.415,Right,-3.795,-0.279,-1.239,0.000,1.000,0.000,0.000,0.000,0.000,0.000,0.000,0.000,0.000,"",
52.429,Right,-3.795,-0.279,-1.239,0.000,1.000,0.000,0.000,0.000,0.000,0.000,0.000,0.000,0.000,"",
52.444,Right,-3.795,-0.279,-1.239,0.000,1.000,0.000,0.000,0.000,0.000,0.000,0.000,0.000,0.000,"",
52.457,Right,-3.795,-0.279,-1.239,0.000,1.000,0.000,0.000,0.000,0.000,0.000,0.000,0.000,0.000,"",
52.471,Right,-3.795,-0.279,-1.239,0.000,1.000,0.000,0.000,0.000,0.000,0.000,0.000,0.000,0.000,"",
52.486,Right,-3.795,-0.279,-1.239,0.000,1.000,0.000,0.000,0.000,0.000,0.000,0.000,0.000,0.000,"",
52.503,Right,-3.795,-0.279,-1.239,0.000,1.000,0.000,0.000,0.000,0.000,0.000,0.000,0.000,0.000,"",
52.528,Right,-3.795,-0.279,-1.239,0.000,1.000,0.000,0.000,0.000,0.000,0.000,0.000,0.000,0.000,"",
52.542,Right,-3.795,-0.279,-1.239,0.000,1.000,0.000,0.000,0.000,0.000,0.000,0.000,0.000,0.000,"",
52.560,Right,-3.795,-0.279,-1.239,0.000,1.000,0.000,0.000,0.000,0.000,0.000,0.000,0.000,0.000,"",
52.584,Right,-3.795,-0.279,-1.239,0.000,1.000,0.000,0.000,0.000,0.000,0.000,0.000,0.000,0.000,"",
52.602,Right,-3.795,-0.279,-1.239,0.000,1.000,0.000,0.000,0.000,0.000,0.000,0.000,0.000,0.000,"",
52.629,Right,-3.795,-0.279,-1.239,0.000,1.000,0.000,0.000,0.000,0.000,0.000,0.000,0.000,0.000,"",
52.646,Right,-3.795,-0.279,-1.239,0.000,1.000,0.000,0.000,0.000,0.000,0.000,0.000,0.000,0.000,"",
52.670,Right,-3.795,-0.279,-1.239,0.000,1.000,0.000,0.000,0.000,0.000,0.000,0.000,0.000,0.000,"",
52.688,Right,-3.795,-0.279,-1.239,0.000,1.000,0.000,0.000,0.000,0.000,0.000,0.000,0.000,0.000,"",
52.714,Right,-3.795,-0.279,-1.239,0.000,1.000,0.000,0.000,0.000,0.000,0.000,0.000,0.000,0.000,"",
52.743,Right,-3.795,-0.279,-1.239,0.000,1.000,0.000,0.000,0.000,0.000,0.000,0.000,0.000,0.000,"",
52.762,Right,-3.795,-0.279,-1.239,0.000,1.000,0.000,0.000,0.000,0.000,0.000,0.000,0.000,0.000,"",
52.789,Right,-3.795,-0.279,-1.239,0.000,1.000,0.000,0.000,0.000,0.000,0.000,0.000,0.000,0.000,"",
52.817,Right,-3.795,-0.279,-1.239,0.000,1.000,0.000,0.000,0.000,0.000,0.000,0.000,0.000,0.000,"",
52.846,Right,-3.795,-0.279,-1.239,0.000,1.000,0.000,0.000,0.000,0.000,0.000,0.000,0.000,0.000,"",
52.875,Right,-3.795,-0.279,-1.239,0.000,1.000,0.000,0.000,0.000,0.000,0.000,0.000,0.000,0.000,"",
52.904,Right,-3.795,-0.279,-1.239,0.000,1.000,0.000,0.000,0.000,0.000,0.000,0.000,0.000,0.000,"",
52.931,Right,-3.795,-0.279,-1.239,0.000,1.000,0.000,0.000,0.000,0.000,0.000,0.000,0.000,0.000,"",
52.957,Right,-3.795,-0.279,-1.239,0.000,1.000,0.000,0.000,0.000,0.000,0.000,0.000,0.000,0.000,"",
52.985,Right,-3.795,-0.279,-1.239,0.000,1.000,0.000,0.000,0.000,0.000,0.000,0.000,0.000,0.000,"",
53.015,Right,-3.795,-0.279,-1.239,0.000,1.000,0.000,0.000,0.000,0.000,0.000,0.000,0.000,0.000,"",
53.043,Right,-3.795,-0.279,-1.239,0.000,1.000,0.000,0.000,0.000,0.000,0.000,0.000,0.000,0.000,"",
53.071,Right,-3.795,-0.279,-1.239,0.000,1.000,0.000,0.000,0.000,0.000,0.000,0.000,0.000,0.000,"",
53.103,Right,-3.795,-0.279,-1.239,0.000,1.000,0.000,0.000,0.000,0.000,0.000,0.000,0.000,0.000,"",
53.126,Right,-3.795,-0.279,-1.239,0.000,1.000,0.000,0.000,0.000,0.000,0.000,0.000,0.000,0.000,"",
53.156,Right,-3.795,-0.279,-1.239,0.000,1.000,0.000,0.000,0.000,0.000,0.000,0.000,0.000,0.000,"",
53.183,Right,-3.795,-0.279,-1.239,0.000,1.000,0.000,0.000,0.000,0.000,0.000,0.000,0.000,0.000,"",
53.210,Right,-3.795,-0.279,-1.239,0.000,1.000,0.000,0.000,0.000,0.000,0.000,0.000,0.000,0.000,"",
53.237,Right,-3.795,-0.279,-1.239,0.000,1.000,0.000,0.000,0.000,0.000,0.000,0.000,0.000,0.000,"",
53.267,Right,-3.795,-0.279,-1.239,0.000,1.000,0.000,0.000,0.000,0.000,0.000,0.000,0.000,0.000,"",
53.294,Right,-3.795,-0.279,-1.239,0.000,1.000,0.000,0.000,0.000,0.000,0.000,0.000,0.000,0.000,"",
53.321,Right,-3.795,-0.279,-1.239,0.000,1.000,0.000,0.000,0.000,0.000,0.000,0.000,0.000,0.000,"",
53.350,Right,-3.795,-0.279,-1.239,0.000,1.000,0.000,0.000,0.000,0.000,0.000,0.000,0.000,0.000,"",
53.377,Right,-3.795,-0.279,-1.239,0.000,1.000,0.000,0.000,0.000,0.000,0.000,0.000,0.000,0.000,"",
53.404,Right,-3.795,-0.279,-1.239,0.000,1.000,0.000,0.000,0.000,0.000,0.000,0.000,0.000,0.000,"",
53.432,Right,-3.795,-0.279,-1.239,0.000,1.000,0.000,0.000,0.000,0.000,0.000,0.000,0.000,0.000,"",
53.458,Right,-3.795,-0.279,-1.239,0.000,1.000,0.000,0.000,0.000,0.000,0.000,0.000,0.000,0.000,"",
53.485,Right,-3.795,-0.279,-1.239,0.000,1.000,0.000,0.000,0.000,0.000,0.000,0.000,0.000,0.000,"",
53.514,Right,-3.795,-0.279,-1.239,0.000,1.000,0.000,0.000,0.000,0.000,0.000,0.000,0.000,0.000,"",
53.542,Right,-3.795,-0.279,-1.239,0.000,1.000,0.000,0.000,0.000,0.000,0.000,0.000,0.000,0.000,"",
53.570,Right,-3.795,-0.279,-1.239,0.000,1.000,0.000,0.000,0.000,0.000,0.000,0.000,0.000,0.000,"",
53.599,Right,-3.795,-0.279,-1.239,0.000,1.000,0.000,0.000,0.000,0.000,0.000,0.000,0.000,0.000,"",
53.627,Right,-3.795,-0.279,-1.239,0.000,1.000,0.000,0.000,0.000,0.000,0.000,0.000,0.000,0.000,"",
53.657,Right,-3.795,-0.279,-1.239,0.000,1.000,0.000,0.000,0.000,0.000,0.000,0.000,0.000,0.000,"",
53.683,Right,-3.795,-0.279,-1.239,0.000,1.000,0.000,0.000,0.000,0.000,0.000,0.000,0.000,0.000,"",
53.712,Right,-3.795,-0.279,-1.239,0.000,1.000,0.000,0.000,0.000,0.000,0.000,0.000,0.000,0.000,"",
53.741,Right,-3.795,-0.279,-1.239,0.000,1.000,0.000,0.000,0.000,0.000,0.000,0.000,0.000,0.000,"",
53.765,Right,-3.795,-0.279,-1.239,0.000,1.000,0.000,0.000,0.000,0.000,0.000,0.000,0.000,0.000,"",
53.793,Right,-3.795,-0.279,-1.239,0.000,1.000,0.000,0.000,0.000,0.000,0.000,0.000,0.000,0.000,"",
53.820,Right,-3.795,-0.279,-1.239,0.000,1.000,0.000,0.000,0.000,0.000,0.000,0.000,0.000,0.000,"",
53.849,Right,-3.795,-0.279,-1.239,0.000,1.000,0.000,0.000,0.000,0.000,0.000,0.000,0.000,0.000,"",
53.876,Right,-3.795,-0.279,-1.239,0.000,1.000,0.000,0.000,0.000,0.000,0.000,0.000,0.000,0.000,"",
53.904,Right,-3.795,-0.279,-1.239,0.000,1.000,0.000,0.000,0.000,0.000,0.000,0.000,0.000,0.000,"",
53.933,Right,-3.795,-0.279,-1.239,0.000,1.000,0.000,0.000,0.000,0.000,0.000,0.000,0.000,0.000,"",
53.960,Right,-3.795,-0.279,-1.239,0.000,1.000,0.000,0.000,0.000,0.000,0.000,0.000,0.000,0.000,"",
53.990,Right,-3.795,-0.279,-1.239,0.000,1.000,0.000,0.000,0.000,0.000,0.000,0.000,0.000,0.000,"",
54.017,Right,-3.795,-0.279,-1.239,0.000,1.000,0.000,0.000,0.000,0.000,0.000,0.000,0.000,0.000,"",
54.044,Right,-3.795,-0.279,-1.239,0.000,1.000,0.000,0.000,0.000,0.000,0.000,0.000,0.000,0.000,"",
54.073,Right,-3.795,-0.279,-1.239,0.000,1.000,0.000,0.000,0.000,0.000,0.000,0.000,0.000,0.000,"",
54.101,Right,-3.795,-0.279,-1.239,0.000,1.000,0.000,0.000,0.000,0.000,0.000,0.000,0.000,0.000,"",
54.130,Right,-3.795,-0.279,-1.239,0.000,1.000,0.000,0.000,0.000,0.000,0.000,0.000,0.000,0.000,"",
54.155,Right,-3.795,-0.279,-1.239,0.000,1.000,0.000,0.000,0.000,0.000,0.000,0.000,0.000,0.000,"",
54.183,Right,-3.795,-0.279,-1.239,0.000,1.000,0.000,0.000,0.000,0.000,0.000,0.000,0.000,0.000,"",
54.213,Right,-3.795,-0.279,-1.239,0.000,1.000,0.000,0.000,0.000,0.000,0.000,0.000,0.000,0.000,"",
54.239,Right,-3.795,-0.279,-1.239,0.000,1.000,0.000,0.000,0.000,0.000,0.000,0.000,0.000,0.000,"",
54.268,Right,-3.795,-0.279,-1.239,0.000,1.000,0.000,0.000,0.000,0.000,0.000,0.000,0.000,0.000,"",
54.297,Right,-3.795,-0.279,-1.239,0.000,1.000,0.000,0.000,0.000,0.000,0.000,0.000,0.000,0.000,"",
54.323,Right,-3.795,-0.279,-1.239,0.000,1.000,0.000,0.000,0.000,0.000,0.000,0.000,0.000,0.000,"",
54.352,Right,-3.795,-0.279,-1.239,0.000,1.000,0.000,0.000,0.000,0.000,0.000,0.000,0.000,0.000,"",
54.378,Right,-3.795,-0.279,-1.239,0.000,1.000,0.000,0.000,0.000,0.000,0.000,0.000,0.000,0.000,"",
54.408,Right,-3.795,-0.279,-1.239,0.000,1.000,0.000,0.000,0.000,0.000,0.000,0.000,0.000,0.000,"",
54.435,Right,-3.795,-0.279,-1.239,0.000,1.000,0.000,0.000,0.000,0.000,0.000,0.000,0.000,0.000,"",
54.462,Right,-3.795,-0.279,-1.239,0.000,1.000,0.000,0.000,0.000,0.000,0.000,0.000,0.000,0.000,"",
54.491,Right,-3.795,-0.279,-1.239,0.000,1.000,0.000,0.000,0.000,0.000,0.000,0.000,0.000,0.000,"",
54.519,Right,-3.795,-0.279,-1.239,0.000,1.000,0.000,0.000,0.000,0.000,0.000,0.000,0.000,0.000,"",
54.546,Right,-3.795,-0.279,-1.239,0.000,1.000,0.000,0.000,0.000,0.000,0.000,0.000,0.000,0.000,"",
54.574,Right,-3.795,-0.279,-1.239,0.000,1.000,0.000,0.000,0.000,0.000,0.000,0.000,0.000,0.000,"",
54.601,Right,-3.795,-0.279,-1.239,0.000,1.000,0.000,0.000,0.000,0.000,0.000,0.000,0.000,0.000,"",
54.630,Right,-3.795,-0.279,-1.239,0.000,1.000,0.000,0.000,0.000,0.000,0.000,0.000,0.000,0.000,"",
54.656,Right,-3.795,-0.279,-1.239,0.000,1.000,0.000,0.000,0.000,0.000,0.000,0.000,0.000,0.000,"",
54.685,Right,-3.795,-0.279,-1.239,0.000,1.000,0.000,0.000,0.000,0.000,0.000,0.000,0.000,0.000,"",
54.712,Right,-3.795,-0.279,-1.239,0.000,1.000,0.000,0.000,0.000,0.000,0.000,0.000,0.000,0.000,"",
54.740,Right,-3.795,-0.279,-1.239,0.000,1.000,0.000,0.000,0.000,0.000,0.000,0.000,0.000,0.000,"",
54.769,Right,-3.795,-0.279,-1.239,0.000,1.000,0.000,0.000,0.000,0.000,0.000,0.000,0.000,0.000,"",
54.797,Right,-3.795,-0.279,-1.239,0.000,1.000,0.000,0.000,0.000,0.000,0.000,0.000,0.000,0.000,"",
54.825,Right,-3.795,-0.279,-1.239,0.000,1.000,0.000,0.000,0.000,0.000,0.000,0.000,0.000,0.000,"",
54.854,Right,-3.795,-0.279,-1.239,0.000,1.000,0.000,0.000,0.000,0.000,0.000,0.000,0.000,0.000,"",
54.881,Right,-3.795,-0.279,-1.239,0.000,1.000,0.000,0.000,0.000,0.000,0.000,0.000,0.000,0.000,"",
54.909,Right,-3.795,-0.279,-1.239,0.000,1.000,0.000,0.000,0.000,0.000,0.000,0.000,0.000,0.000,"",
54.935,Right,-3.795,-0.279,-1.239,0.000,1.000,0.000,0.000,0.000,0.000,0.000,0.000,0.000,0.000,"",
54.963,Right,-3.795,-0.279,-1.239,0.000,1.000,0.000,0.000,0.000,0.000,0.000,0.000,0.000,0.000,"",
54.995,Right,-3.795,-0.279,-1.239,0.000,1.000,0.000,0.000,0.000,0.000,0.000,0.000,0.000,0.000,"",
55.020,Right,-3.795,-0.279,-1.239,0.000,1.000,0.000,0.000,0.000,0.000,0.000,0.000,0.000,0.000,"",
55.046,Right,-3.795,-0.279,-1.239,0.000,1.000,0.000,0.000,0.000,0.000,0.000,0.000,0.000,0.000,"",
55.074,Right,-3.795,-0.279,-1.239,0.000,1.000,0.000,0.000,0.000,0.000,0.000,0.000,0.000,0.000,"",
55.102,Right,-3.795,-0.279,-1.239,0.000,1.000,0.000,0.000,0.000,0.000,0.000,0.000,0.000,0.000,"",
55.132,Right,-3.795,-0.279,-1.239,0.000,1.000,0.000,0.000,0.000,0.000,0.000,0.000,0.000,0.000,"",
55.159,Right,-3.795,-0.279,-1.239,0.000,1.000,0.000,0.000,0.000,0.000,0.000,0.000,0.000,0.000,"",
55.187,Right,-3.795,-0.279,-1.239,0.000,1.000,0.000,0.000,0.000,0.000,0.000,0.000,0.000,0.000,"",
55.215,Right,-3.795,-0.279,-1.239,0.000,1.000,0.000,0.000,0.000,0.000,0.000,0.000,0.000,0.000,"",
55.242,Right,-3.795,-0.279,-1.239,0.000,1.000,0.000,0.000,0.000,0.000,0.000,0.000,0.000,0.000,"",
55.269,Right,-3.795,-0.279,-1.239,0.000,1.000,0.000,0.000,0.000,0.000,0.000,0.000,0.000,0.000,"",
55.296,Right,-3.795,-0.279,-1.239,0.000,1.000,0.000,0.000,0.000,0.000,0.000,0.000,0.000,0.000,"",
55.326,Right,-3.795,-0.279,-1.239,0.000,1.000,0.000,0.000,0.000,0.000,0.000,0.000,0.000,0.000,"",
55.353,Right,-3.795,-0.279,-1.239,0.000,1.000,0.000,0.000,0.000,0.000,0.000,0.000,0.000,0.000,"",
55.381,Right,-3.795,-0.279,-1.239,0.000,1.000,0.000,0.000,0.000,0.000,0.000,0.000,0.000,0.000,"",
55.410,Right,-3.795,-0.279,-1.239,0.000,1.000,0.000,0.000,0.000,0.000,0.000,0.000,0.000,0.000,"",
55.438,Right,-3.795,-0.279,-1.239,0.000,1.000,0.000,0.000,0.000,0.000,0.000,0.000,0.000,0.000,"",
55.465,Right,-3.795,-0.279,-1.239,0.000,1.000,0.000,0.000,0.000,0.000,0.000,0.000,0.000,0.000,"",
55.500,Right,-3.795,-0.279,-1.239,0.000,1.000,0.000,0.000,0.000,0.000,0.000,0.000,0.000,0.000,"",
55.521,Right,-3.795,-0.279,-1.239,0.000,1.000,0.000,0.000,0.000,0.000,0.000,0.000,0.000,0.000,"",
55.551,Right,-3.795,-0.279,-1.239,0.000,1.000,0.000,0.000,0.000,0.000,0.000,0.000,0.000,0.000,"",
55.577,Right,-3.795,-0.279,-1.239,0.000,1.000,0.000,0.000,0.000,0.000,0.000,0.000,0.000,0.000,"",
55.606,Right,-3.795,-0.279,-1.239,0.000,1.000,0.000,0.000,0.000,0.000,0.000,0.000,0.000,0.000,"",
55.633,Right,-3.795,-0.279,-1.239,0.000,1.000,0.000,0.000,0.000,0.000,0.000,0.000,0.000,0.000,"",
55.663,Right,-3.795,-0.279,-1.239,0.000,1.000,0.000,0.000,0.000,0.000,0.000,0.000,0.000,0.000,"",
55.691,Right,-3.795,-0.279,-1.239,0.000,1.000,0.000,0.000,0.000,0.000,0.000,0.000,0.000,0.000,"",
55.715,Right,-3.795,-0.279,-1.239,0.000,1.000,0.000,0.000,0.000,0.000,0.000,0.000,0.000,0.000,"",
55.741,Right,-3.795,-0.279,-1.239,0.000,1.000,0.000,0.000,0.000,0.000,0.000,0.000,0.000,0.000,"",
55.771,Right,-3.795,-0.279,-1.239,0.000,1.000,0.000,0.000,0.000,0.000,0.000,0.000,0.000,0.000,"",
55.801,Right,-3.795,-0.279,-1.239,0.000,1.000,0.000,0.000,0.000,0.000,0.000,0.000,0.000,0.000,"",
55.826,Right,-3.795,-0.279,-1.239,0.000,1.000,0.000,0.000,0.000,0.000,0.000,0.000,0.000,0.000,"",
55.852,Right,-3.795,-0.279,-1.239,0.000,1.000,0.000,0.000,0.000,0.000,0.000,0.000,0.000,0.000,"",
55.880,Right,-3.795,-0.279,-1.239,0.000,1.000,0.000,0.000,0.000,0.000,0.000,0.000,0.000,0.000,"",
55.910,Right,-3.795,-0.279,-1.239,0.000,1.000,0.000,0.000,0.000,0.000,0.000,0.000,0.000,0.000,"",
55.937,Right,-3.795,-0.279,-1.239,0.000,1.000,0.000,0.000,0.000,0.000,0.000,0.000,0.000,0.000,"",
55.964,Right,-3.795,-0.279,-1.239,0.000,1.000,0.000,0.000,0.000,0.000,0.000,0.000,0.000,0.000,"",
55.993,Right,-3.795,-0.279,-1.239,0.000,1.000,0.000,0.000,0.000,0.000,0.000,0.000,0.000,0.000,"",
56.021,Right,-3.795,-0.279,-1.239,0.000,1.000,0.000,0.000,0.000,0.000,0.000,0.000,0.000,0.000,"",
56.047,Right,-3.795,-0.279,-1.239,0.000,1.000,0.000,0.000,0.000,0.000,0.000,0.000,0.000,0.000,"",
56.074,Right,-3.795,-0.279,-1.239,0.000,1.000,0.000,0.000,0.000,0.000,0.000,0.000,0.000,0.000,"",
56.106,Right,-3.795,-0.279,-1.239,0.000,1.000,0.000,0.000,0.000,0.000,0.000,0.000,0.000,0.000,"",
56.135,Right,-3.795,-0.279,-1.239,0.000,1.000,0.000,0.000,0.000,0.000,0.000,0.000,0.000,0.000,"",
56.158,Right,-3.795,-0.279,-1.239,0.000,1.000,0.000,0.000,0.000,0.000,0.000,0.000,0.000,0.000,"",
56.186,Right,-3.795,-0.279,-1.239,0.000,1.000,0.000,0.000,0.000,0.000,0.000,0.000,0.000,0.000,"",
56.214,Right,-3.795,-0.279,-1.239,0.000,1.000,0.000,0.000,0.000,0.000,0.000,0.000,0.000,0.000,"",
56.243,Right,-3.795,-0.279,-1.239,0.000,1.000,0.000,0.000,0.000,0.000,0.000,0.000,0.000,0.000,"",
56.273,Right,-3.795,-0.279,-1.239,0.000,1.000,0.000,0.000,0.000,0.000,0.000,0.000,0.000,0.000,"",
56.299,Right,-3.795,-0.279,-1.239,0.000,1.000,0.000,0.000,0.000,0.000,0.000,0.000,0.000,0.000,"",
56.331,Right,-3.795,-0.279,-1.239,0.000,1.000,0.000,0.000,0.000,0.000,0.000,0.000,0.000,0.000,"",
56.358,Right,-3.795,-0.279,-1.239,0.000,1.000,0.000,0.000,0.000,0.000,0.000,0.000,0.000,0.000,"",
56.383,Right,-3.795,-0.279,-1.239,0.000,1.000,0.000,0.000,0.000,0.000,0.000,0.000,0.000,0.000,"",
56.411,Right,-3.795,-0.279,-1.239,0.000,1.000,0.000,0.000,0.000,0.000,0.000,0.000,0.000,0.000,"",
56.438,Right,-3.795,-0.279,-1.239,0.000,1.000,0.000,0.000,0.000,0.000,0.000,0.000,0.000,0.000,"",
56.469,Right,-3.795,-0.279,-1.239,0.000,1.000,0.000,0.000,0.000,0.000,0.000,0.000,0.000,0.000,"",
56.502,Right,-3.795,-0.279,-1.239,0.000,1.000,0.000,0.000,0.000,0.000,0.000,0.000,0.000,0.000,"",
56.544,Right,-3.795,-0.279,-1.239,0.000,1.000,0.000,0.000,0.000,0.000,0.000,0.000,0.000,0.000,"",
56.586,Right,-3.795,-0.279,-1.239,0.000,1.000,0.000,0.000,0.000,0.000,0.000,0.000,0.000,0.000,"",
56.610,Right,-3.795,-0.279,-1.239,0.000,1.000,0.000,0.000,0.000,0.000,0.000,0.000,0.000,0.000,"",
56.637,Right,-3.795,-0.279,-1.239,0.000,1.000,0.000,0.000,0.000,0.000,0.000,0.000,0.000,0.000,"",
56.664,Right,-3.795,-0.279,-1.239,0.000,1.000,0.000,0.000,0.000,0.000,0.000,0.000,0.000,0.000,"",
56.693,Right,-3.795,-0.279,-1.239,0.000,1.000,0.000,0.000,0.000,0.000,0.000,0.000,0.000,0.000,"",
56.717,Right,-3.795,-0.279,-1.239,0.000,1.000,0.000,0.000,0.000,0.000,0.000,0.000,0.000,0.000,"",
56.751,Right,-3.795,-0.279,-1.239,0.000,1.000,0.000,0.000,0.000,0.000,0.000,0.000,0.000,0.000,"",
56.787,Right,-3.795,-0.279,-1.239,0.000,1.000,0.000,0.000,0.000,0.000,0.000,0.000,0.000,0.000,"",
56.815,Right,-3.795,-0.279,-1.239,0.000,1.000,0.000,0.000,0.000,0.000,0.000,0.000,0.000,0.000,"",
56.841,Right,-3.795,-0.279,-1.239,0.000,1.000,0.000,0.000,0.000,0.000,0.000,0.000,0.000,0.000,"",
56.871,Right,-3.795,-0.279,-1.239,0.000,1.000,0.000,0.000,0.000,0.000,0.000,0.000,0.000,0.000,"",
56.901,Right,-3.795,-0.279,-1.239,0.000,1.000,0.000,0.000,0.000,0.000,0.000,0.000,0.000,0.000,"",
56.927,Right,-3.795,-0.279,-1.239,0.000,1.000,0.000,0.000,0.000,0.000,0.000,0.000,0.000,0.000,"",
56.950,Right,-3.795,-0.279,-1.239,0.000,1.000,0.000,0.000,0.000,0.000,0.000,0.000,0.000,0.000,"",
56.976,Right,-3.795,-0.279,-1.239,0.000,1.000,0.000,0.000,0.000,0.000,0.000,0.000,0.000,0.000,"",
57.005,Right,-3.795,-0.279,-1.239,0.000,1.000,0.000,0.000,0.000,0.000,0.000,0.000,0.000,0.000,"",
57.036,Right,-3.795,-0.279,-1.239,0.000,1.000,0.000,0.000,0.000,0.000,0.000,0.000,0.000,0.000,"",
57.062,Right,-3.795,-0.279,-1.239,0.000,1.000,0.000,0.000,0.000,0.000,0.000,0.000,0.000,0.000,"",
57.092,Right,-3.795,-0.279,-1.239,0.000,1.000,0.000,0.000,0.000,0.000,0.000,0.000,0.000,0.000,"",
57.119,Right,-3.795,-0.279,-1.239,0.000,1.000,0.000,0.000,0.000,0.000,0.000,0.000,0.000,0.000,"",
57.146,Right,-3.795,-0.279,-1.239,0.000,1.000,0.000,0.000,0.000,0.000,0.000,0.000,0.000,0.000,"",
57.175,Right,-3.795,-0.279,-1.239,0.000,1.000,0.000,0.000,0.000,0.000,0.000,0.000,0.000,0.000,"",
57.207,Right,-3.795,-0.279,-1.239,0.000,1.000,0.000,0.000,0.000,0.000,0.000,0.000,0.000,0.000,"",
57.230,Right,-3.795,-0.279,-1.239,0.000,1.000,0.000,0.000,0.000,0.000,0.000,0.000,0.000,0.000,"",
57.255,Right,-3.795,-0.279,-1.239,0.000,1.000,0.000,0.000,0.000,0.000,0.000,0.000,0.000,0.000,"",
57.283,Right,-3.795,-0.279,-1.239,0.000,1.000,0.000,0.000,0.000,0.000,0.000,0.000,0.000,0.000,"",
57.312,Right,-3.795,-0.279,-1.239,0.000,1.000,0.000,0.000,0.000,0.000,0.000,0.000,0.000,0.000,"",
57.340,Right,-3.795,-0.279,-1.239,0.000,1.000,0.000,0.000,0.000,0.000,0.000,0.000,0.000,0.000,"",
57.370,Right,-3.795,-0.279,-1.239,0.000,1.000,0.000,0.000,0.000,0.000,0.000,0.000,0.000,0.000,"",
57.397,Right,-3.795,-0.279,-1.239,0.000,1.000,0.000,0.000,0.000,0.000,0.000,0.000,0.000,0.000,"",
57.432,Right,-3.795,-0.279,-1.239,0.000,1.000,0.000,0.000,0.000,0.000,0.000,0.000,0.000,0.000,"",
57.469,Right,-3.795,-0.279,-1.239,0.000,1.000,0.000,0.000,0.000,0.000,0.000,0.000,0.000,0.000,"",
57.494,Right,-3.795,-0.279,-1.239,0.000,1.000,0.000,0.000,0.000,0.000,0.000,0.000,0.000,0.000,"",
57.518,Right,-3.795,-0.279,-1.239,0.000,1.000,0.000,0.000,0.000,0.000,0.000,0.000,0.000,0.000,"",
57.547,Right,-3.795,-0.279,-1.239,0.000,1.000,0.000,0.000,0.000,0.000,0.000,0.000,0.000,0.000,"",
57.576,Right,-3.795,-0.279,-1.239,0.000,1.000,0.000,0.000,0.000,0.000,0.000,0.000,0.000,0.000,"",
57.604,Right,-3.795,-0.279,-1.239,0.000,1.000,0.000,0.000,0.000,0.000,0.000,0.000,0.000,0.000,"",
57.633,Right,-3.795,-0.279,-1.239,0.000,1.000,0.000,0.000,0.000,0.000,0.000,0.000,0.000,0.000,"",
57.663,Right,-3.795,-0.279,-1.239,0.000,1.000,0.000,0.000,0.000,0.000,0.000,0.000,0.000,0.000,"",
57.689,Right,-3.795,-0.279,-1.239,0.000,1.000,0.000,0.000,0.000,0.000,0.000,0.000,0.000,0.000,"",
57.716,Right,-3.795,-0.279,-1.239,0.000,1.000,0.000,0.000,0.000,0.000,0.000,0.000,0.000,0.000,"",
57.744,Right,-3.795,-0.279,-1.239,0.000,1.000,0.000,0.000,0.000,0.000,0.000,0.000,0.000,0.000,"",
57.773,Right,-3.795,-0.279,-1.239,0.000,1.000,0.000,0.000,0.000,0.000,0.000,0.000,0.000,0.000,"",
57.801,Right,-3.795,-0.279,-1.239,0.000,1.000,0.000,0.000,0.000,0.000,0.000,0.000,0.000,0.000,"",
57.831,Right,-3.795,-0.279,-1.239,0.000,1.000,0.000,0.000,0.000,0.000,0.000,0.000,0.000,0.000,"",
57.856,Right,-3.795,-0.279,-1.239,0.000,1.000,0.000,0.000,0.000,0.000,0.000,0.000,0.000,0.000,"",
57.885,Right,-3.795,-0.279,-1.239,0.000,1.000,0.000,0.000,0.000,0.000,0.000,0.000,0.000,0.000,"",
57.912,Right,-3.795,-0.279,-1.239,0.000,1.000,0.000,0.000,0.000,0.000,0.000,0.000,0.000,0.000,"",
57.942,Right,-3.795,-0.279,-1.239,0.000,1.000,0.000,0.000,0.000,0.000,0.000,0.000,0.000,0.000,"",
57.969,Right,-3.795,-0.279,-1.239,0.000,1.000,0.000,0.000,0.000,0.000,0.000,0.000,0.000,0.000,"",
57.996,Right,-3.795,-0.279,-1.239,0.000,1.000,0.000,0.000,0.000,0.000,0.000,0.000,0.000,0.000,"",
58.023,Right,-3.795,-0.279,-1.239,0.000,1.000,0.000,0.000,0.000,0.000,0.000,0.000,0.000,0.000,"",
58.051,Right,-3.795,-0.279,-1.239,0.000,1.000,0.000,0.000,0.000,0.000,0.000,0.000,0.000,0.000,"",
58.079,Right,-3.795,-0.279,-1.239,0.000,1.000,0.000,0.000,0.000,0.000,0.000,0.000,0.000,0.000,"",
58.107,Right,-3.795,-0.279,-1.239,0.000,1.000,0.000,0.000,0.000,0.000,0.000,0.000,0.000,0.000,"",
58.137,Right,-3.795,-0.279,-1.239,0.000,1.000,0.000,0.000,0.000,0.000,0.000,0.000,0.000,0.000,"",
58.163,Right,-3.795,-0.279,-1.239,0.000,1.000,0.000,0.000,0.000,0.000,0.000,0.000,0.000,0.000,"",
58.196,Right,-3.795,-0.279,-1.239,0.000,1.000,0.000,0.000,0.000,0.000,0.000,0.000,0.000,0.000,"",
58.219,Right,-3.795,-0.279,-1.239,0.000,1.000,0.000,0.000,0.000,0.000,0.000,0.000,0.000,0.000,"",
58.250,Right,-3.795,-0.279,-1.239,0.000,1.000,0.000,0.000,0.000,0.000,0.000,0.000,0.000,0.000,"",
58.274,Right,-3.795,-0.279,-1.239,0.000,1.000,0.000,0.000,0.000,0.000,0.000,0.000,0.000,0.000,"",
58.299,Right,-3.795,-0.279,-1.239,0.000,1.000,0.000,0.000,0.000,0.000,0.000,0.000,0.000,0.000,"",
58.327,Right,-3.795,-0.279,-1.239,0.000,1.000,0.000,0.000,0.000,0.000,0.000,0.000,0.000,0.000,"",
58.356,Right,-3.795,-0.279,-1.239,0.000,1.000,0.000,0.000,0.000,0.000,0.000,0.000,0.000,0.000,"",
58.384,Right,-3.795,-0.279,-1.239,0.000,1.000,0.000,0.000,0.000,0.000,0.000,0.000,0.000,0.000,"",
58.414,Right,-3.795,-0.279,-1.239,0.000,1.000,0.000,0.000,0.000,0.000,0.000,0.000,0.000,0.000,"",
58.442,Right,-3.795,-0.279,-1.239,0.000,1.000,0.000,0.000,0.000,0.000,0.000,0.000,0.000,0.000,"",
58.471,Right,-3.795,-0.279,-1.239,0.000,1.000,0.000,0.000,0.000,0.000,0.000,0.000,0.000,0.000,"",
58.496,Right,-3.795,-0.279,-1.239,0.000,1.000,0.000,0.000,0.000,0.000,0.000,0.000,0.000,0.000,"",
58.525,Right,-3.795,-0.279,-1.239,0.000,1.000,0.000,0.000,0.000,0.000,0.000,0.000,0.000,0.000,"",
58.554,Right,-3.795,-0.279,-1.239,0.000,1.000,0.000,0.000,0.000,0.000,0.000,0.000,0.000,0.000,"",
58.579,Right,-3.795,-0.279,-1.239,0.000,1.000,0.000,0.000,0.000,0.000,0.000,0.000,0.000,0.000,"",
58.607,Right,-3.795,-0.279,-1.239,0.000,1.000,0.000,0.000,0.000,0.000,0.000,0.000,0.000,0.000,"",
58.638,Right,-3.795,-0.279,-1.239,0.000,1.000,0.000,0.000,0.000,0.000,0.000,0.000,0.000,0.000,"",
58.664,Right,-3.795,-0.279,-1.239,0.000,1.000,0.000,0.000,0.000,0.000,0.000,0.000,0.000,0.000,"",
58.692,Right,-3.795,-0.279,-1.239,0.000,1.000,0.000,0.000,0.000,0.000,0.000,0.000,0.000,0.000,"",
58.720,Right,-3.795,-0.279,-1.239,0.000,1.000,0.000,0.000,0.000,0.000,0.000,0.000,0.000,0.000,"",
58.748,Right,-3.795,-0.279,-1.239,0.000,1.000,0.000,0.000,0.000,0.000,0.000,0.000,0.000,0.000,"",
58.778,Right,-3.795,-0.279,-1.239,0.000,1.000,0.000,0.000,0.000,0.000,0.000,0.000,0.000,0.000,"",
58.812,Right,-3.795,-0.279,-1.239,0.000,1.000,0.000,0.000,0.000,0.000,0.000,0.000,0.000,0.000,"",
58.848,Right,-3.795,-0.279,-1.239,0.000,1.000,0.000,0.000,0.000,0.000,0.000,0.000,0.000,0.000,"",
58.876,Right,-3.795,-0.279,-1.239,0.000,1.000,0.000,0.000,0.000,0.000,0.000,0.000,0.000,0.000,"",
58.903,Right,-3.795,-0.279,-1.239,0.000,1.000,0.000,0.000,0.000,0.000,0.000,0.000,0.000,0.000,"",
58.929,Right,-3.795,-0.279,-1.239,0.000,1.000,0.000,0.000,0.000,0.000,0.000,0.000,0.000,0.000,"",
58.955,Right,-3.795,-0.279,-1.239,0.000,1.000,0.000,0.000,0.000,0.000,0.000,0.000,0.000,0.000,"",
58.984,Right,-3.795,-0.279,-1.239,0.000,1.000,0.000,0.000,0.000,0.000,0.000,0.000,0.000,0.000,"",
59.012,Right,-3.795,-0.279,-1.239,0.000,1.000,0.000,0.000,0.000,0.000,0.000,0.000,0.000,0.000,"",
59.041,Right,-3.795,-0.279,-1.239,0.000,1.000,0.000,0.000,0.000,0.000,0.000,0.000,0.000,0.000,"",
59.070,Right,-3.795,-0.279,-1.239,0.000,1.000,0.000,0.000,0.000,0.000,0.000,0.000,0.000,0.000,"",
59.097,Right,-3.795,-0.279,-1.239,0.000,1.000,0.000,0.000,0.000,0.000,0.000,0.000,0.000,0.000,"",
59.123,Right,-3.795,-0.279,-1.239,0.000,1.000,0.000,0.000,0.000,0.000,0.000,0.000,0.000,0.000,"",
59.153,Right,-3.795,-0.279,-1.239,0.000,1.000,0.000,0.000,0.000,0.000,0.000,0.000,0.000,0.000,"",
59.179,Right,-3.795,-0.279,-1.239,0.000,1.000,0.000,0.000,0.000,0.000,0.000,0.000,0.000,0.000,"",
59.208,Right,-3.795,-0.279,-1.239,0.000,1.000,0.000,0.000,0.000,0.000,0.000,0.000,0.000,0.000,"",
59.237,Right,-3.795,-0.279,-1.239,0.000,1.000,0.000,0.000,0.000,0.000,0.000,0.000,0.000,0.000,"",
59.264,Right,-3.795,-0.279,-1.239,0.000,1.000,0.000,0.000,0.000,0.000,0.000,0.000,0.000,0.000,"",
59.292,Right,-3.795,-0.279,-1.239,0.000,1.000,0.000,0.000,0.000,0.000,0.000,0.000,0.000,0.000,"",
59.318,Right,-3.795,-0.279,-1.239,0.000,1.000,0.000,0.000,0.000,0.000,0.000,0.000,0.000,0.000,"",
59.345,Right,-3.795,-0.279,-1.239,0.000,1.000,0.000,0.000,0.000,0.000,0.000,0.000,0.000,0.000,"",
59.374,Right,-3.795,-0.279,-1.239,0.000,1.000,0.000,0.000,0.000,0.000,0.000,0.000,0.000,0.000,"",
59.403,Right,-3.795,-0.279,-1.239,0.000,1.000,0.000,0.000,0.000,0.000,0.000,0.000,0.000,0.000,"",
59.432,Right,-3.795,-0.279,-1.239,0.000,1.000,0.000,0.000,0.000,0.000,0.000,0.000,0.000,0.000,"",
59.457,Right,-3.795,-0.279,-1.239,0.000,1.000,0.000,0.000,0.000,0.000,0.000,0.000,0.000,0.000,"",
59.486,Right,-3.795,-0.279,-1.239,0.000,1.000,0.000,0.000,0.000,0.000,0.000,0.000,0.000,0.000,"",
59.516,Right,-3.795,-0.279,-1.239,0.000,1.000,0.000,0.000,0.000,0.000,0.000,0.000,0.000,0.000,"",
59.542,Right,-3.795,-0.279,-1.239,0.000,1.000,0.000,0.000,0.000,0.000,0.000,0.000,0.000,0.000,"",
59.571,Right,-3.795,-0.279,-1.239,0.000,1.000,0.000,0.000,0.000,0.000,0.000,0.000,0.000,0.000,"",
59.599,Right,-3.795,-0.279,-1.239,0.000,1.000,0.000,0.000,0.000,0.000,0.000,0.000,0.000,0.000,"",
59.626,Right,-3.795,-0.279,-1.239,0.000,1.000,0.000,0.000,0.000,0.000,0.000,0.000,0.000,0.000,"",
59.653,Right,-3.795,-0.279,-1.239,0.000,1.000,0.000,0.000,0.000,0.000,0.000,0.000,0.000,0.000,"",
59.681,Right,-3.795,-0.279,-1.239,0.000,1.000,0.000,0.000,0.000,0.000,0.000,0.000,0.000,0.000,"",
59.710,Right,-3.795,-0.279,-1.239,0.000,1.000,0.000,0.000,0.000,0.000,0.000,0.000,0.000,0.000,"",
59.737,Right,-3.795,-0.279,-1.239,0.000,1.000,0.000,0.000,0.000,0.000,0.000,0.000,0.000,0.000,"",
59.764,Right,-3.795,-0.279,-1.239,0.000,1.000,0.000,0.000,0.000,0.000,0.000,0.000,0.000,0.000,"",
59.793,Right,-3.795,-0.279,-1.239,0.000,1.000,0.000,0.000,0.000,0.000,0.000,0.000,0.000,0.000,"",
59.821,Right,-3.795,-0.279,-1.239,0.000,1.000,0.000,0.000,0.000,0.000,0.000,0.000,0.000,0.000,"",
59.850,Right,-3.795,-0.279,-1.239,0.000,1.000,0.000,0.000,0.000,0.000,0.000,0.000,0.000,0.000,"",
59.877,Right,-3.795,-0.279,-1.239,0.000,1.000,0.000,0.000,0.000,0.000,0.000,0.000,0.000,0.000,"",
59.904,Right,-3.795,-0.279,-1.239,0.000,1.000,0.000,0.000,0.000,0.000,0.000,0.000,0.000,0.000,"",
59.933,Right,-3.795,-0.279,-1.239,0.000,1.000,0.000,0.000,0.000,0.000,0.000,0.000,0.000,0.000,"",
59.959,Right,-3.795,-0.279,-1.239,0.000,1.000,0.000,0.000,0.000,0.000,0.000,0.000,0.000,0.000,"",
59.987,Right,-3.795,-0.279,-1.239,0.000,1.000,0.000,0.000,0.000,0.000,0.000,0.000,0.000,0.000,"",
60.017,Right,-3.795,-0.279,-1.239,0.000,1.000,0.000,0.000,0.000,0.000,0.000,0.000,0.000,0.000,"",
60.045,Right,-3.795,-0.279,-1.239,0.000,1.000,0.000,0.000,0.000,0.000,0.000,0.000,0.000,0.000,"",
60.073,Right,-3.795,-0.279,-1.239,0.000,1.000,0.000,0.000,0.000,0.000,0.000,0.000,0.000,0.000,"",
60.099,Right,-3.795,-0.279,-1.239,0.000,1.000,0.000,0.000,0.000,0.000,0.000,0.000,0.000,0.000,"",
60.128,Right,-3.795,-0.279,-1.239,0.000,1.000,0.000,0.000,0.000,0.000,0.000,0.000,0.000,0.000,"",
60.161,Right,-3.795,-0.279,-1.239,0.000,1.000,0.000,0.000,0.000,0.000,0.000,0.000,0.000,0.000,"",
60.189,Right,-3.795,-0.279,-1.239,0.000,1.000,0.000,0.000,0.000,0.000,0.000,0.000,0.000,0.000,"",
60.213,Right,-3.795,-0.279,-1.239,0.000,1.000,0.000,0.000,0.000,0.000,0.000,0.000,0.000,0.000,"",
60.239,Right,-3.795,-0.279,-1.239,0.000,1.000,0.000,0.000,0.000,0.000,0.000,0.000,0.000,0.000,"",
60.265,Right,-3.795,-0.279,-1.239,0.000,1.000,0.000,0.000,0.000,0.000,0.000,0.000,0.000,0.000,"",
60.295,Right,-3.795,-0.279,-1.239,0.000,1.000,0.000,0.000,0.000,0.000,0.000,0.000,0.000,0.000,"",
60.321,Right,-3.795,-0.279,-1.239,0.000,1.000,0.000,0.000,0.000,0.000,0.000,0.000,0.000,0.000,"",
60.350,Right,-3.795,-0.279,-1.239,0.000,1.000,0.000,0.000,0.000,0.000,0.000,0.000,0.000,0.000,"",
60.376,Right,-3.795,-0.279,-1.239,0.000,1.000,0.000,0.000,0.000,0.000,0.000,0.000,0.000,0.000,"",
60.404,Right,-3.795,-0.279,-1.239,0.000,1.000,0.000,0.000,0.000,0.000,0.000,0.000,0.000,0.000,"",
60.434,Right,-3.795,-0.279,-1.239,0.000,1.000,0.000,0.000,0.000,0.000,0.000,0.000,0.000,0.000,"",
60.462,Right,-3.795,-0.279,-1.239,0.000,1.000,0.000,0.000,0.000,0.000,0.000,0.000,0.000,0.000,"",
60.488,Right,-3.795,-0.279,-1.239,0.000,1.000,0.000,0.000,0.000,0.000,0.000,0.000,0.000,0.000,"",
60.520,Right,-3.795,-0.279,-1.239,0.000,1.000,0.000,0.000,0.000,0.000,0.000,0.000,0.000,0.000,"",
60.545,Right,-3.795,-0.279,-1.239,0.000,1.000,0.000,0.000,0.000,0.000,0.000,0.000,0.000,0.000,"",
60.572,Right,-3.795,-0.279,-1.239,0.000,1.000,0.000,0.000,0.000,0.000,0.000,0.000,0.000,0.000,"",
60.598,Right,-3.795,-0.279,-1.239,0.000,1.000,0.000,0.000,0.000,0.000,0.000,0.000,0.000,0.000,"",
60.626,Right,-3.795,-0.279,-1.239,0.000,1.000,0.000,0.000,0.000,0.000,0.000,0.000,0.000,0.000,"",
60.656,Right,-3.795,-0.279,-1.239,0.000,1.000,0.000,0.000,0.000,0.000,0.000,0.000,0.000,0.000,"",
60.684,Right,-3.795,-0.279,-1.239,0.000,1.000,0.000,0.000,0.000,0.000,0.000,0.000,0.000,0.000,"",
60.715,Right,-3.795,-0.279,-1.239,0.000,1.000,0.000,0.000,0.000,0.000,0.000,0.000,0.000,0.000,"",
60.739,Right,-3.795,-0.279,-1.239,0.000,1.000,0.000,0.000,0.000,0.000,0.000,0.000,0.000,0.000,"",
60.765,Right,-3.795,-0.279,-1.239,0.000,1.000,0.000,0.000,0.000,0.000,0.000,0.000,0.000,0.000,"",
60.800,Right,-3.795,-0.279,-1.239,0.000,1.000,0.000,0.000,0.000,0.000,0.000,0.000,0.000,0.000,"",
60.823,Right,-3.795,-0.279,-1.239,0.000,1.000,0.000,0.000,0.000,0.000,0.000,0.000,0.000,0.000,"",
60.849,Right,-3.795,-0.279,-1.239,0.000,1.000,0.000,0.000,0.000,0.000,0.000,0.000,0.000,0.000,"",
60.877,Right,-3.795,-0.279,-1.239,0.000,1.000,0.000,0.000,0.000,0.000,0.000,0.000,0.000,0.000,"",
60.904,Right,-3.795,-0.279,-1.239,0.000,1.000,0.000,0.000,0.000,0.000,0.000,0.000,0.000,0.000,"",
60.932,Right,-3.795,-0.279,-1.239,0.000,1.000,0.000,0.000,0.000,0.000,0.000,0.000,0.000,0.000,"",
60.961,Right,-3.795,-0.279,-1.239,0.000,1.000,0.000,0.000,0.000,0.000,0.000,0.000,0.000,0.000,"",
60.991,Right,-3.795,-0.279,-1.239,0.000,1.000,0.000,0.000,0.000,0.000,0.000,0.000,0.000,0.000,"",
61.020,Right,-3.795,-0.279,-1.239,0.000,1.000,0.000,0.000,0.000,0.000,0.000,0.000,0.000,0.000,"",
61.046,Right,-3.795,-0.279,-1.239,0.000,1.000,0.000,0.000,0.000,0.000,0.000,0.000,0.000,0.000,"",
61.079,Right,-3.795,-0.279,-1.239,0.000,1.000,0.000,0.000,0.000,0.000,0.000,0.000,0.000,0.000,"",
61.100,Right,-3.795,-0.279,-1.239,0.000,1.000,0.000,0.000,0.000,0.000,0.000,0.000,0.000,0.000,"",
61.128,Right,-3.795,-0.279,-1.239,0.000,1.000,0.000,0.000,0.000,0.000,0.000,0.000,0.000,0.000,"",
61.154,Right,-3.795,-0.279,-1.239,0.000,1.000,0.000,0.000,0.000,0.000,0.000,0.000,0.000,0.000,"",
61.183,Right,-3.795,-0.279,-1.239,0.000,1.000,0.000,0.000,0.000,0.000,0.000,0.000,0.000,0.000,"",
61.217,Right,-3.795,-0.279,-1.239,0.000,1.000,0.000,0.000,0.000,0.000,0.000,0.000,0.000,0.000,"",
61.241,Right,-3.795,-0.279,-1.239,0.000,1.000,0.000,0.000,0.000,0.000,0.000,0.000,0.000,0.000,"",
61.265,Right,-3.795,-0.279,-1.239,0.000,1.000,0.000,0.000,0.000,0.000,0.000,0.000,0.000,0.000,"",
61.298,Right,-3.795,-0.279,-1.239,0.000,1.000,0.000,0.000,0.000,0.000,0.000,0.000,0.000,0.000,"",
61.322,Right,-3.795,-0.279,-1.239,0.000,1.000,0.000,0.000,0.000,0.000,0.000,0.000,0.000,0.000,"",
61.348,Right,-3.795,-0.279,-1.239,0.000,1.000,0.000,0.000,0.000,0.000,0.000,0.000,0.000,0.000,"",
61.376,Right,-3.795,-0.279,-1.239,0.000,1.000,0.000,0.000,0.000,0.000,0.000,0.000,0.000,0.000,"",
61.404,Right,-3.795,-0.279,-1.239,0.000,1.000,0.000,0.000,0.000,0.000,0.000,0.000,0.000,0.000,"",
61.434,Right,-3.795,-0.279,-1.239,0.000,1.000,0.000,0.000,0.000,0.000,0.000,0.000,0.000,0.000,"",
61.462,Right,-3.795,-0.279,-1.239,0.000,1.000,0.000,0.000,0.000,0.000,0.000,0.000,0.000,0.000,"",
61.490,Right,-3.795,-0.279,-1.239,0.000,1.000,0.000,0.000,0.000,0.000,0.000,0.000,0.000,0.000,"",
61.517,Right,-3.795,-0.279,-1.239,0.000,1.000,0.000,0.000,0.000,0.000,0.000,0.000,0.000,0.000,"",
61.547,Right,-3.795,-0.279,-1.239,0.000,1.000,0.000,0.000,0.000,0.000,0.000,0.000,0.000,0.000,"",
61.574,Right,-3.795,-0.279,-1.239,0.000,1.000,0.000,0.000,0.000,0.000,0.000,0.000,0.000,0.000,"",
61.600,Right,-3.795,-0.279,-1.239,0.000,1.000,0.000,0.000,0.000,0.000,0.000,0.000,0.000,0.000,"",
61.628,Right,-3.795,-0.279,-1.239,0.000,1.000,0.000,0.000,0.000,0.000,0.000,0.000,0.000,0.000,"",
61.663,Right,-3.795,-0.279,-1.239,0.000,1.000,0.000,0.000,0.000,0.000,0.000,0.000,0.000,0.000,"",
61.692,Right,-3.795,-0.279,-1.239,0.000,1.000,0.000,0.000,0.000,0.000,0.000,0.000,0.000,0.000,"",
61.715,Right,-3.795,-0.279,-1.239,0.000,1.000,0.000,0.000,0.000,0.000,0.000,0.000,0.000,0.000,"",
61.739,Right,-3.795,-0.279,-1.239,0.000,1.000,0.000,0.000,0.000,0.000,0.000,0.000,0.000,0.000,"",
61.770,Right,-3.795,-0.279,-1.239,0.000,1.000,0.000,0.000,0.000,0.000,0.000,0.000,0.000,0.000,"",
61.801,Right,-3.795,-0.279,-1.239,0.000,1.000,0.000,0.000,0.000,0.000,0.000,0.000,0.000,0.000,"",
61.826,Right,-3.795,-0.279,-1.239,0.000,1.000,0.000,0.000,0.000,0.000,0.000,0.000,0.000,0.000,"",
61.852,Right,-3.795,-0.279,-1.239,0.000,1.000,0.000,0.000,0.000,0.000,0.000,0.000,0.000,0.000,"",
61.875,Right,-3.795,-0.279,-1.239,0.000,1.000,0.000,0.000,0.000,0.000,0.000,0.000,0.000,0.000,"",
61.903,Right,-3.795,-0.279,-1.239,0.000,1.000,0.000,0.000,0.000,0.000,0.000,0.000,0.000,0.000,"",
61.932,Right,-3.795,-0.279,-1.239,0.000,1.000,0.000,0.000,0.000,0.000,0.000,0.000,0.000,0.000,"",
61.960,Right,-3.795,-0.279,-1.239,0.000,1.000,0.000,0.000,0.000,0.000,0.000,0.000,0.000,0.000,"",
61.988,Right,-3.795,-0.279,-1.239,0.000,1.000,0.000,0.000,0.000,0.000,0.000,0.000,0.000,0.000,"",
62.017,Right,-3.795,-0.279,-1.239,0.000,1.000,0.000,0.000,0.000,0.000,0.000,0.000,0.000,0.000,"",
62.044,Right,-3.795,-0.279,-1.239,0.000,1.000,0.000,0.000,0.000,0.000,0.000,0.000,0.000,0.000,"",
62.074,Right,-3.795,-0.279,-1.239,0.000,1.000,0.000,0.000,0.000,0.000,0.000,0.000,0.000,0.000,"",
62.101,Right,-3.795,-0.279,-1.239,0.000,1.000,0.000,0.000,0.000,0.000,0.000,0.000,0.000,0.000,"",
62.130,Right,-3.795,-0.279,-1.239,0.000,1.000,0.000,0.000,0.000,0.000,0.000,0.000,0.000,0.000,"",
62.156,Right,-3.795,-0.279,-1.239,0.000,1.000,0.000,0.000,0.000,0.000,0.000,0.000,0.000,0.000,"",
62.184,Right,-3.795,-0.279,-1.239,0.000,1.000,0.000,0.000,0.000,0.000,0.000,0.000,0.000,0.000,"",
62.214,Right,-3.795,-0.279,-1.239,0.000,1.000,0.000,0.000,0.000,0.000,0.000,0.000,0.000,0.000,"",
62.242,Right,-3.795,-0.279,-1.239,0.000,1.000,0.000,0.000,0.000,0.000,0.000,0.000,0.000,0.000,"",
62.270,Right,-3.795,-0.279,-1.239,0.000,1.000,0.000,0.000,0.000,0.000,0.000,0.000,0.000,0.000,"",
62.298,Right,-3.795,-0.279,-1.239,0.000,1.000,0.000,0.000,0.000,0.000,0.000,0.000,0.000,0.000,"",
62.324,Right,-3.795,-0.279,-1.239,0.000,1.000,0.000,0.000,0.000,0.000,0.000,0.000,0.000,0.000,"",
62.354,Right,-3.795,-0.279,-1.239,0.000,1.000,0.000,0.000,0.000,0.000,0.000,0.000,0.000,0.000,"",
62.380,Right,-3.795,-0.279,-1.239,0.000,1.000,0.000,0.000,0.000,0.000,0.000,0.000,0.000,0.000,"",
62.410,Right,-3.795,-0.279,-1.239,0.000,1.000,0.000,0.000,0.000,0.000,0.000,0.000,0.000,0.000,"",
62.437,Right,-3.795,-0.279,-1.239,0.000,1.000,0.000,0.000,0.000,0.000,0.000,0.000,0.000,0.000,"",
62.468,Right,-3.795,-0.279,-1.239,0.000,1.000,0.000,0.000,0.000,0.000,0.000,0.000,0.000,0.000,"",
62.492,Right,-3.795,-0.279,-1.239,0.000,1.000,0.000,0.000,0.000,0.000,0.000,0.000,0.000,0.000,"",
62.519,Right,-3.795,-0.279,-1.239,0.000,1.000,0.000,0.000,0.000,0.000,0.000,0.000,0.000,0.000,"",
62.546,Right,-3.795,-0.279,-1.239,0.000,1.000,0.000,0.000,0.000,0.000,0.000,0.000,0.000,0.000,"",
62.576,Right,-3.795,-0.279,-1.239,0.000,1.000,0.000,0.000,0.000,0.000,0.000,0.000,0.000,0.000,"",
62.604,Right,-3.795,-0.279,-1.239,0.000,1.000,0.000,0.000,0.000,0.000,0.000,0.000,0.000,0.000,"",
62.632,Right,-3.795,-0.279,-1.239,0.000,1.000,0.000,0.000,0.000,0.000,0.000,0.000,0.000,0.000,"",
62.657,Right,-3.795,-0.279,-1.239,0.000,1.000,0.000,0.000,0.000,0.000,0.000,0.000,0.000,0.000,"",
62.686,Right,-3.795,-0.279,-1.239,0.000,1.000,0.000,0.000,0.000,0.000,0.000,0.000,0.000,0.000,"",
62.714,Right,-3.795,-0.279,-1.239,0.000,1.000,0.000,0.000,0.000,0.000,0.000,0.000,0.000,0.000,"",
62.743,Right,-3.795,-0.279,-1.239,0.000,1.000,0.000,0.000,0.000,0.000,0.000,0.000,0.000,0.000,"",
62.769,Right,-3.795,-0.279,-1.239,0.000,1.000,0.000,0.000,0.000,0.000,0.000,0.000,0.000,0.000,"",
62.792,Right,-3.795,-0.279,-1.239,0.000,1.000,0.000,0.000,0.000,0.000,0.000,0.000,0.000,0.000,"",
62.814,Right,-3.795,-0.279,-1.239,0.000,1.000,0.000,0.000,0.000,0.000,0.000,0.000,0.000,0.000,"",
62.842,Right,-3.795,-0.279,-1.239,0.000,1.000,0.000,0.000,0.000,0.000,0.000,0.000,0.000,0.000,"",
62.872,Right,-3.795,-0.279,-1.239,0.000,1.000,0.000,0.000,0.000,0.000,0.000,0.000,0.000,0.000,"",
62.901,Right,-3.795,-0.279,-1.239,0.000,1.000,0.000,0.000,0.000,0.000,0.000,0.000,0.000,0.000,"",
62.931,Right,-3.795,-0.279,-1.239,0.000,1.000,0.000,0.000,0.000,0.000,0.000,0.000,0.000,0.000,"",
62.965,Right,-3.795,-0.279,-1.239,0.000,1.000,0.000,0.000,0.000,0.000,0.000,0.000,0.000,0.000,"",
62.995,Right,-3.795,-0.279,-1.239,0.000,1.000,0.000,0.000,0.000,0.000,0.000,0.000,0.000,0.000,"",
63.022,Right,-3.795,-0.279,-1.239,0.000,1.000,0.000,0.000,0.000,0.000,0.000,0.000,0.000,0.000,"",
63.049,Right,-3.795,-0.279,-1.239,0.000,1.000,0.000,0.000,0.000,0.000,0.000,0.000,0.000,0.000,"",
63.077,Right,-3.795,-0.279,-1.239,0.000,1.000,0.000,0.000,0.000,0.000,0.000,0.000,0.000,0.000,"",
63.105,Right,-3.795,-0.279,-1.239,0.000,1.000,0.000,0.000,0.000,0.000,0.000,0.000,0.000,0.000,"",
63.134,Right,-3.795,-0.279,-1.239,0.000,1.000,0.000,0.000,0.000,0.000,0.000,0.000,0.000,0.000,"",
63.161,Right,-3.795,-0.279,-1.239,0.000,1.000,0.000,0.000,0.000,0.000,0.000,0.000,0.000,0.000,"",
63.189,Right,-3.795,-0.279,-1.239,0.000,1.000,0.000,0.000,0.000,0.000,0.000,0.000,0.000,0.000,"",
63.217,Right,-3.795,-0.279,-1.239,0.000,1.000,0.000,0.000,0.000,0.000,0.000,0.000,0.000,0.000,"",
63.245,Right,-3.795,-0.279,-1.239,0.000,1.000,0.000,0.000,0.000,0.000,0.000,0.000,0.000,0.000,"",
63.274,Right,-3.795,-0.279,-1.239,0.000,1.000,0.000,0.000,0.000,0.000,0.000,0.000,0.000,0.000,"",
63.300,Right,-3.795,-0.279,-1.239,0.000,1.000,0.000,0.000,0.000,0.000,0.000,0.000,0.000,0.000,"",
63.329,Right,-3.795,-0.279,-1.239,0.000,1.000,0.000,0.000,0.000,0.000,0.000,0.000,0.000,0.000,"",
63.357,Right,-3.795,-0.279,-1.239,0.000,1.000,0.000,0.000,0.000,0.000,0.000,0.000,0.000,0.000,"",
63.382,Right,-3.795,-0.279,-1.239,0.000,1.000,0.000,0.000,0.000,0.000,0.000,0.000,0.000,0.000,"",
63.409,Right,-3.795,-0.279,-1.239,0.000,1.000,0.000,0.000,0.000,0.000,0.000,0.000,0.000,0.000,"",
63.438,Right,-3.795,-0.279,-1.239,0.000,1.000,0.000,0.000,0.000,0.000,0.000,0.000,0.000,0.000,"",
63.470,Right,-3.795,-0.279,-1.239,0.000,1.000,0.000,0.000,0.000,0.000,0.000,0.000,0.000,0.000,"",
63.496,Right,-3.795,-0.279,-1.239,0.000,1.000,0.000,0.000,0.000,0.000,0.000,0.000,0.000,0.000,"",
63.525,Right,-3.795,-0.279,-1.239,0.000,1.000,0.000,0.000,0.000,0.000,0.000,0.000,0.000,0.000,"",
63.550,Right,-3.795,-0.279,-1.239,0.000,1.000,0.000,0.000,0.000,0.000,0.000,0.000,0.000,0.000,"",
63.576,Right,-3.795,-0.279,-1.239,0.000,1.000,0.000,0.000,0.000,0.000,0.000,0.000,0.000,0.000,"",
63.604,Right,-3.795,-0.279,-1.239,0.000,1.000,0.000,0.000,0.000,0.000,0.000,0.000,0.000,0.000,"",
63.633,Right,-3.795,-0.279,-1.239,0.000,1.000,0.000,0.000,0.000,0.000,0.000,0.000,0.000,0.000,"",
63.662,Right,-3.795,-0.279,-1.239,0.000,1.000,0.000,0.000,0.000,0.000,0.000,0.000,0.000,0.000,"",
63.689,Right,-3.795,-0.279,-1.239,0.000,1.000,0.000,0.000,0.000,0.000,0.000,0.000,0.000,0.000,"",
63.717,Right,-3.795,-0.279,-1.239,0.000,1.000,0.000,0.000,0.000,0.000,0.000,0.000,0.000,0.000,"",
63.745,Right,-3.795,-0.279,-1.239,0.000,1.000,0.000,0.000,0.000,0.000,0.000,0.000,0.000,0.000,"",
63.774,Right,-3.795,-0.279,-1.239,0.000,1.000,0.000,0.000,0.000,0.000,0.000,0.000,0.000,0.000,"",
63.806,Right,-3.795,-0.279,-1.239,0.000,1.000,0.000,0.000,0.000,0.000,0.000,0.000,0.000,0.000,"",
63.830,Right,-3.795,-0.279,-1.239,0.000,1.000,0.000,0.000,0.000,0.000,0.000,0.000,0.000,0.000,"",
63.857,Right,-3.795,-0.279,-1.239,0.000,1.000,0.000,0.000,0.000,0.000,0.000,0.000,0.000,0.000,"",
63.885,Right,-3.795,-0.279,-1.239,0.000,1.000,0.000,0.000,0.000,0.000,0.000,0.000,0.000,0.000,"",
63.912,Right,-3.795,-0.279,-1.239,0.000,1.000,0.000,0.000,0.000,0.000,0.000,0.000,0.000,0.000,"",
63.940,Right,-3.795,-0.279,-1.239,0.000,1.000,0.000,0.000,0.000,0.000,0.000,0.000,0.000,0.000,"",
63.969,Right,-3.795,-0.279,-1.239,0.000,1.000,0.000,0.000,0.000,0.000,0.000,0.000,0.000,0.000,"",
63.995,Right,-3.795,-0.279,-1.239,0.000,1.000,0.000,0.000,0.000,0.000,0.000,0.000,0.000,0.000,"",
64.024,Right,-3.795,-0.279,-1.239,0.000,1.000,0.000,0.000,0.000,0.000,0.000,0.000,0.000,0.000,"",
64.054,Right,-3.795,-0.279,-1.239,0.000,1.000,0.000,0.000,0.000,0.000,0.000,0.000,0.000,0.000,"",
64.082,Right,-3.795,-0.279,-1.239,0.000,1.000,0.000,0.000,0.000,0.000,0.000,0.000,0.000,0.000,"",
64.111,Right,-3.795,-0.279,-1.239,0.000,1.000,0.000,0.000,0.000,0.000,0.000,0.000,0.000,0.000,"",
64.136,Right,-3.795,-0.279,-1.239,0.000,1.000,0.000,0.000,0.000,0.000,0.000,0.000,0.000,0.000,"",
64.163,Right,-3.795,-0.279,-1.239,0.000,1.000,0.000,0.000,0.000,0.000,0.000,0.000,0.000,0.000,"",
64.191,Right,-3.795,-0.279,-1.239,0.000,1.000,0.000,0.000,0.000,0.000,0.000,0.000,0.000,0.000,"",
64.219,Right,-3.795,-0.279,-1.239,0.000,1.000,0.000,0.000,0.000,0.000,0.000,0.000,0.000,0.000,"",
64.246,Right,-3.795,-0.279,-1.239,0.000,1.000,0.000,0.000,0.000,0.000,0.000,0.000,0.000,0.000,"",
64.276,Right,-3.795,-0.279,-1.239,0.000,1.000,0.000,0.000,0.000,0.000,0.000,0.000,0.000,0.000,"",
64.303,Right,-3.795,-0.279,-1.239,0.000,1.000,0.000,0.000,0.000,0.000,0.000,0.000,0.000,0.000,"",
64.332,Right,-3.795,-0.279,-1.239,0.000,1.000,0.000,0.000,0.000,0.000,0.000,0.000,0.000,0.000,"",
64.360,Right,-3.795,-0.279,-1.239,0.000,1.000,0.000,0.000,0.000,0.000,0.000,0.000,0.000,0.000,"",
64.388,Right,-3.795,-0.279,-1.239,0.000,1.000,0.000,0.000,0.000,0.000,0.000,0.000,0.000,0.000,"",
64.417,Right,-3.795,-0.279,-1.239,0.000,1.000,0.000,0.000,0.000,0.000,0.000,0.000,0.000,0.000,"",
64.445,Right,-3.795,-0.279,-1.239,0.000,1.000,0.000,0.000,0.000,0.000,0.000,0.000,0.000,0.000,"",
64.473,Right,-3.795,-0.279,-1.239,0.000,1.000,0.000,0.000,0.000,0.000,0.000,0.000,0.000,0.000,"",
64.502,Right,-3.795,-0.279,-1.239,0.000,1.000,0.000,0.000,0.000,0.000,0.000,0.000,0.000,0.000,"",
64.528,Right,-3.795,-0.279,-1.239,0.000,1.000,0.000,0.000,0.000,0.000,0.000,0.000,0.000,0.000,"",
64.555,Right,-3.795,-0.279,-1.239,0.000,1.000,0.000,0.000,0.000,0.000,0.000,0.000,0.000,0.000,"",
64.581,Right,-3.795,-0.279,-1.239,0.000,1.000,0.000,0.000,0.000,0.000,0.000,0.000,0.000,0.000,"",
64.611,Right,-3.795,-0.279,-1.239,0.000,1.000,0.000,0.000,0.000,0.000,0.000,0.000,0.000,0.000,"",
64.639,Right,-3.795,-0.279,-1.239,0.000,1.000,0.000,0.000,0.000,0.000,0.000,0.000,0.000,0.000,"",
64.667,Right,-3.795,-0.279,-1.239,0.000,1.000,0.000,0.000,0.000,0.000,0.000,0.000,0.000,0.000,"",
64.694,Right,-3.795,-0.279,-1.239,0.000,1.000,0.000,0.000,0.000,0.000,0.000,0.000,0.000,0.000,"",
64.721,Right,-3.795,-0.279,-1.239,0.000,1.000,0.000,0.000,0.000,0.000,0.000,0.000,0.000,0.000,"",
64.750,Right,-3.795,-0.279,-1.239,0.000,1.000,0.000,0.000,0.000,0.000,0.000,0.000,0.000,0.000,"",
64.776,Right,-3.795,-0.279,-1.239,0.000,1.000,0.000,0.000,0.000,0.000,0.000,0.000,0.000,0.000,"",
64.803,Right,-3.795,-0.279,-1.239,0.000,1.000,0.000,0.000,0.000,0.000,0.000,0.000,0.000,0.000,"",
64.832,Right,-3.795,-0.279,-1.239,0.000,1.000,0.000,0.000,0.000,0.000,0.000,0.000,0.000,0.000,"",
64.859,Right,-3.795,-0.279,-1.239,0.000,1.000,0.000,0.000,0.000,0.000,0.000,0.000,0.000,0.000,"",
64.889,Right,-3.795,-0.279,-1.239,0.000,1.000,0.000,0.000,0.000,0.000,0.000,0.000,0.000,0.000,"",
64.915,Right,-3.795,-0.279,-1.239,0.000,1.000,0.000,0.000,0.000,0.000,0.000,0.000,0.000,0.000,"",
64.943,Right,-3.795,-0.279,-1.239,0.000,1.000,0.000,0.000,0.000,0.000,0.000,0.000,0.000,0.000,"",
64.970,Right,-3.795,-0.279,-1.239,0.000,1.000,0.000,0.000,0.000,0.000,0.000,0.000,0.000,0.000,"",
65.000,Right,-3.795,-0.279,-1.239,0.000,1.000,0.000,0.000,0.000,0.000,0.000,0.000,0.000,0.000,"",
65.026,Right,-3.795,-0.279,-1.239,0.000,1.000,0.000,0.000,0.000,0.000,0.000,0.000,0.000,0.000,"",
65.060,Right,-3.795,-0.279,-1.239,0.000,1.000,0.000,0.000,0.000,0.000,0.000,0.000,0.000,0.000,"",
65.087,Right,-3.795,-0.279,-1.239,0.000,1.000,0.000,0.000,0.000,0.000,0.000,0.000,0.000,0.000,"",
65.109,Right,-3.795,-0.279,-1.239,0.000,1.000,0.000,0.000,0.000,0.000,0.000,0.000,0.000,0.000,"",
65.135,Right,-3.795,-0.279,-1.239,0.000,1.000,0.000,0.000,0.000,0.000,0.000,0.000,0.000,0.000,"",
65.151,Right,-3.795,-0.279,-1.239,0.000,1.000,0.000,0.000,0.000,0.000,0.000,0.000,0.000,0.000,"",
65.179,Right,-3.795,-0.279,-1.239,0.000,1.000,0.000,0.000,0.000,0.000,0.000,0.000,0.000,0.000,"",
65.207,Right,-3.795,-0.279,-1.239,0.000,1.000,0.000,0.000,0.000,0.000,0.000,0.000,0.000,0.000,"",
65.235,Right,-3.795,-0.279,-1.239,0.000,1.000,0.000,0.000,0.000,0.000,0.000,0.000,0.000,0.000,"",
65.250,Right,-3.795,-0.279,-1.239,0.000,1.000,0.000,0.000,0.000,0.000,0.000,0.000,0.000,0.000,"",
65.276,Right,-3.795,-0.279,-1.239,0.000,1.000,0.000,0.000,0.000,0.000,0.000,0.000,0.000,0.000,"",
65.293,Right,-3.795,-0.279,-1.239,0.000,1.000,0.000,0.000,0.000,0.000,0.000,0.000,0.000,0.000,"",
65.323,Right,-3.795,-0.279,-1.239,0.000,1.000,0.000,0.000,0.000,0.000,0.000,0.000,0.000,0.000,"",
65.348,Right,-3.795,-0.279,-1.239,0.000,1.000,0.000,0.000,0.000,0.000,0.000,0.000,0.000,0.000,"",
65.377,Right,-3.795,-0.279,-1.239,0.000,1.000,0.000,0.000,0.000,0.000,0.000,0.000,0.000,0.000,"",
65.401,Right,-3.795,-0.279,-1.239,0.000,1.000,0.000,0.000,0.000,0.000,0.000,0.000,0.000,0.000,"",
65.418,Right,-3.795,-0.279,-1.239,0.000,1.000,0.000,0.000,0.000,0.000,0.000,0.000,0.000,0.000,"",
65.442,Right,-3.795,-0.279,-1.239,0.000,1.000,0.000,0.000,0.000,0.000,0.000,0.000,0.000,0.000,"",
65.458,Right,-3.795,-0.279,-1.239,0.000,1.000,0.000,0.000,0.000,0.000,0.000,0.000,0.000,0.000,"",
65.483,Right,-3.795,-0.279,-1.239,0.000,1.000,0.000,0.000,0.000,0.000,0.000,0.000,0.000,0.000,"",
65.500,Right,-3.795,-0.279,-1.239,0.000,1.000,0.000,0.000,0.000,0.000,0.000,0.000,0.000,0.000,"",
65.515,Right,-3.795,-0.279,-1.239,0.000,1.000,0.000,0.000,0.000,0.000,0.000,0.000,0.000,0.000,"",
65.541,Right,-3.795,-0.279,-1.239,0.000,1.000,0.000,0.000,0.000,0.000,0.000,0.000,0.000,0.000,"",
65.557,Right,-3.795,-0.279,-1.239,0.000,1.000,0.000,0.000,0.000,0.000,0.000,0.000,0.000,0.000,"",
65.581,Right,-3.795,-0.279,-1.239,0.000,1.000,0.000,0.000,0.000,0.000,0.000,0.000,0.000,0.000,"",
65.598,Right,-3.795,-0.279,-1.239,0.000,1.000,0.000,0.000,0.000,0.000,0.000,0.000,0.000,0.000,"",
65.613,Right,-3.795,-0.279,-1.239,0.000,1.000,0.000,0.000,0.000,0.000,0.000,0.000,0.000,0.000,"",
65.639,Right,-3.795,-0.279,-1.239,0.000,1.000,0.000,0.000,0.000,0.000,0.000,0.000,0.000,0.000,"",
65.655,Right,-3.795,-0.279,-1.239,0.000,1.000,0.000,0.000,0.000,0.000,0.000,0.000,0.000,0.000,"",
65.681,Right,-3.795,-0.279,-1.239,0.000,1.000,0.000,0.000,0.000,0.000,0.000,0.000,0.000,0.000,"",
65.697,Right,-3.795,-0.279,-1.239,0.000,1.000,0.000,0.000,0.000,0.000,0.000,0.000,0.000,0.000,"",
65.721,Right,-3.795,-0.279,-1.239,0.000,1.000,0.000,0.000,0.000,0.000,0.000,0.000,0.000,0.000,"",
65.737,Right,-3.795,-0.279,-1.239,0.000,1.000,0.000,0.000,0.000,0.000,0.000,0.000,0.000,0.000,"",
65.750,Right,-3.795,-0.279,-1.239,0.000,1.000,0.000,0.000,0.000,0.000,0.000,0.000,0.000,0.000,"",
65.765,Right,-3.795,-0.279,-1.239,0.000,1.000,0.000,0.000,0.000,0.000,0.000,0.000,0.000,0.000,"",
65.780,Right,-3.795,-0.279,-1.239,0.000,1.000,0.000,0.000,0.000,0.000,0.000,0.000,0.000,0.000,"",
65.807,Right,-3.795,-0.279,-1.239,0.000,1.000,0.000,0.000,0.000,0.000,0.000,0.000,0.000,0.000,"",
65.822,Right,-3.795,-0.279,-1.239,0.000,1.000,0.000,0.000,0.000,0.000,0.000,0.000,0.000,0.000,"",
65.848,Right,-3.795,-0.279,-1.239,0.000,1.000,0.000,0.000,0.000,0.000,0.000,0.000,0.000,0.000,"",
65.863,Right,-3.795,-0.279,-1.239,0.000,1.000,0.000,0.000,0.000,0.000,0.000,0.000,0.000,0.000,"",
65.878,Right,-3.795,-0.279,-1.239,0.000,1.000,0.000,0.000,0.000,0.000,0.000,0.000,0.000,0.000,"",
65.903,Right,-3.795,-0.279,-1.239,0.000,1.000,0.000,0.000,0.000,0.000,0.000,0.000,0.000,0.000,"",
65.919,Right,-3.795,-0.279,-1.239,0.000,1.000,0.000,0.000,0.000,0.000,0.000,0.000,0.000,0.000,"",
65.945,Right,-3.795,-0.279,-1.239,0.000,1.000,0.000,0.000,0.000,0.000,0.000,0.000,0.000,0.000,"",
65.961,Right,-3.795,-0.279,-1.239,0.000,1.000,0.000,0.000,0.000,0.000,0.000,0.000,0.000,0.000,"",
65.988,Right,-3.795,-0.279,-1.239,0.000,1.000,0.000,0.000,0.000,0.000,0.000,0.000,0.000,0.000,"",
66.003,Right,-3.795,-0.279,-1.239,0.000,1.000,0.000,0.000,0.000,0.000,0.000,0.000,0.000,0.000,"",
66.029,Right,-3.795,-0.279,-1.239,0.000,1.000,0.000,0.000,0.000,0.000,0.000,0.000,0.000,0.000,"",
66.045,Right,-3.795,-0.279,-1.239,0.000,1.000,0.000,0.000,0.000,0.000,0.000,0.000,0.000,0.000,"",
66.070,Right,-3.795,-0.279,-1.239,0.000,1.000,0.000,0.000,0.000,0.000,0.000,0.000,0.000,0.000,"",
66.085,Right,-3.795,-0.279,-1.239,0.000,1.000,0.000,0.000,0.000,0.000,0.000,0.000,0.000,0.000,"",
66.101,Right,-3.795,-0.279,-1.239,0.000,1.000,0.000,0.000,0.000,0.000,0.000,0.000,0.000,0.000,"",
66.128,Right,-3.795,-0.279,-1.239,0.000,1.000,0.000,0.000,0.000,0.000,0.000,0.000,0.000,0.000,"",
66.143,Right,-3.795,-0.279,-1.239,0.000,1.000,0.000,0.000,0.000,0.000,0.000,0.000,0.000,0.000,"",
66.168,Right,-3.795,-0.279,-1.239,0.000,1.000,0.000,0.000,0.000,0.000,0.000,0.000,0.000,0.000,"",
66.183,Right,-3.795,-0.279,-1.239,0.000,1.000,0.000,0.000,0.000,0.000,0.000,0.000,0.000,0.000,"",
66.199,Right,-3.795,-0.279,-1.239,0.000,1.000,0.000,0.000,0.000,0.000,0.000,0.000,0.000,0.000,"",
66.223,Right,-3.795,-0.279,-1.239,0.000,1.000,0.000,0.000,0.000,0.000,0.000,0.000,0.000,0.000,"",
66.239,Right,-3.795,-0.279,-1.239,0.000,1.000,0.000,0.000,0.000,0.000,0.000,0.000,0.000,0.000,"",
66.255,Right,-3.795,-0.279,-1.239,0.000,1.000,0.000,0.000,0.000,0.000,0.000,0.000,0.000,0.000,"",
66.280,Right,-3.795,-0.279,-1.239,0.000,1.000,0.000,0.000,0.000,0.000,0.000,0.000,0.000,0.000,"",
66.295,Right,-3.795,-0.279,-1.239,0.000,1.000,0.000,0.000,0.000,0.000,0.000,0.000,0.000,0.000,"",
66.310,Right,-3.795,-0.279,-1.239,0.000,1.000,0.000,0.000,0.000,0.000,0.000,0.000,0.000,0.000,"",
66.336,Right,-3.795,-0.279,-1.239,0.000,1.000,0.000,0.000,0.000,0.000,0.000,0.000,0.000,0.000,"",
66.350,Right,-3.795,-0.279,-1.239,0.000,1.000,0.000,0.000,0.000,0.000,0.000,0.000,0.000,0.000,"",
66.367,Right,-3.795,-0.279,-1.239,0.000,1.000,0.000,0.000,0.000,0.000,0.000,0.000,0.000,0.000,"",
66.391,Right,-3.795,-0.279,-1.239,0.000,1.000,0.000,0.000,0.000,0.000,0.000,0.000,0.000,0.000,"",
66.406,Right,-3.795,-0.279,-1.239,0.000,1.000,0.000,0.000,0.000,0.000,0.000,0.000,0.000,0.000,"",
66.420,Right,-3.795,-0.279,-1.239,0.000,1.000,0.000,0.000,0.000,0.000,0.000,0.000,0.000,0.000,"",
66.436,Right,-3.795,-0.279,-1.239,0.000,1.000,0.000,0.000,0.000,0.000,0.000,0.000,0.000,0.000,"",
66.462,Right,-3.795,-0.279,-1.239,0.000,1.000,0.000,0.000,0.000,0.000,0.000,0.000,0.000,0.000,"",
66.476,Right,-3.795,-0.279,-1.239,0.000,1.000,0.000,0.000,0.000,0.000,0.000,0.000,0.000,0.000,"",
66.489,Right,-3.795,-0.279,-1.239,0.000,1.000,0.000,0.000,0.000,0.000,0.000,0.000,0.000,0.000,"",
66.504,Right,-3.795,-0.279,-1.239,0.000,1.000,0.000,0.000,0.000,0.000,0.000,0.000,0.000,0.000,"",
66.517,Right,-3.795,-0.279,-1.239,0.000,1.000,0.000,0.000,0.000,0.000,0.000,0.000,0.000,0.000,"",
66.533,Right,-3.795,-0.279,-1.239,0.000,1.000,0.000,0.000,0.000,0.000,0.000,0.000,0.000,0.000,"",
66.558,Right,-3.795,-0.279,-1.239,0.000,1.000,0.000,0.000,0.000,0.000,0.000,0.000,0.000,0.000,"",
66.572,Right,-3.795,-0.279,-1.239,0.000,1.000,0.000,0.000,0.000,0.000,0.000,0.000,0.000,0.000,"",
66.585,Right,-3.795,-0.279,-1.239,0.000,1.000,0.000,0.000,0.000,0.000,0.000,0.000,0.000,0.000,"",
66.600,Right,-3.795,-0.279,-1.239,0.000,1.000,0.000,0.000,0.000,0.000,0.000,0.000,0.000,0.000,"",
66.613,Right,-3.795,-0.279,-1.239,0.000,1.000,0.000,0.000,0.000,0.000,0.000,0.000,0.000,0.000,"",
66.631,Right,-3.795,-0.279,-1.239,0.000,1.000,0.000,0.000,0.000,0.000,0.000,0.000,0.000,0.000,"",
66.647,Right,-3.795,-0.279,-1.239,0.000,1.000,0.000,0.000,0.000,0.000,0.000,0.000,0.000,0.000,"",
66.675,Right,-3.795,-0.279,-1.239,0.000,1.000,0.000,0.000,0.000,0.000,0.000,0.000,0.000,0.000,"",
66.699,Right,-3.795,-0.279,-1.239,0.000,1.000,0.000,0.000,0.000,0.000,0.000,0.000,0.000,0.000,"",
66.727,Right,-3.795,-0.279,-1.239,0.000,1.000,0.000,0.000,0.000,0.000,0.000,0.000,0.000,0.000,"",
66.743,Right,-3.795,-0.279,-1.239,0.000,1.000,0.000,0.000,0.000,0.000,0.000,0.000,0.000,0.000,"",
66.768,Right,-3.795,-0.279,-1.239,0.000,1.000,0.000,0.000,0.000,0.000,0.000,0.000,0.000,0.000,"",
66.786,Right,-3.795,-0.279,-1.239,0.000,1.000,0.000,0.000,0.000,0.000,0.000,0.000,0.000,0.000,"",
66.810,Right,-3.795,-0.279,-1.239,0.000,1.000,0.000,0.000,0.000,0.000,0.000,0.000,0.000,0.000,"",
66.838,Right,-3.795,-0.279,-1.239,0.000,1.000,0.000,0.000,0.000,0.000,0.000,0.000,0.000,0.000,"",
66.867,Right,-3.795,-0.279,-1.239,0.000,1.000,0.000,0.000,0.000,0.000,0.000,0.000,0.000,0.000,"",
66.894,Right,-3.795,-0.279,-1.239,0.000,1.000,0.000,0.000,0.000,0.000,0.000,0.000,0.000,0.000,"",
66.921,Right,-3.795,-0.279,-1.239,0.000,1.000,0.000,0.000,0.000,0.000,0.000,0.000,0.000,0.000,"",
66.951,Right,-3.795,-0.279,-1.239,0.000,1.000,0.000,0.000,0.000,0.000,0.000,0.000,0.000,0.000,"",
66.978,Right,-3.795,-0.279,-1.239,0.000,1.000,0.000,0.000,0.000,0.000,0.000,0.000,0.000,0.000,"",
67.005,Right,-3.795,-0.279,-1.239,0.000,1.000,0.000,0.000,0.000,0.000,0.000,0.000,0.000,0.000,"",
67.034,Right,-3.795,-0.279,-1.239,0.000,1.000,0.000,0.000,0.000,0.000,0.000,0.000,0.000,0.000,"",
67.058,Right,-3.795,-0.279,-1.239,0.000,1.000,0.000,0.000,0.000,0.000,0.000,0.000,0.000,0.000,"",
67.075,Right,-3.795,-0.279,-1.239,0.000,1.000,0.000,0.000,0.000,0.000,0.000,0.000,0.000,0.000,"",
67.103,Right,-3.795,-0.279,-1.239,0.000,1.000,0.000,0.000,0.000,0.000,0.000,0.000,0.000,0.000,"",
67.130,Right,-3.795,-0.279,-1.239,0.000,1.000,0.000,0.000,0.000,0.000,0.000,0.000,0.000,0.000,"",
67.157,Right,-3.795,-0.279,-1.239,0.000,1.000,0.000,0.000,0.000,0.000,0.000,0.000,0.000,0.000,"",
67.186,Right,-3.795,-0.279,-1.239,0.000,1.000,0.000,0.000,0.000,0.000,0.000,0.000,0.000,0.000,"",
67.212,Right,-3.795,-0.279,-1.239,0.000,1.000,0.000,0.000,0.000,0.000,0.000,0.000,0.000,0.000,"",
67.228,Right,-3.795,-0.279,-1.239,0.000,1.000,0.000,0.000,0.000,0.000,0.000,0.000,0.000,0.000,"",
67.256,Right,-3.795,-0.279,-1.239,0.000,1.000,0.000,0.000,0.000,0.000,0.000,0.000,0.000,0.000,"",
67.283,Right,-3.795,-0.279,-1.239,0.000,1.000,0.000,0.000,0.000,0.000,0.000,0.000,0.000,0.000,"",
67.313,Right,-3.795,-0.279,-1.239,0.000,1.000,0.000,0.000,0.000,0.000,0.000,0.000,0.000,0.000,"",
67.342,Right,-3.795,-0.279,-1.239,0.000,1.000,0.000,0.000,0.000,0.000,0.000,0.000,0.000,0.000,"",
67.370,Right,-3.795,-0.279,-1.239,0.000,1.000,0.000,0.000,0.000,0.000,0.000,0.000,0.000,0.000,"",
67.395,Right,-3.795,-0.279,-1.239,0.000,1.000,0.000,0.000,0.000,0.000,0.000,0.000,0.000,0.000,"",
67.422,Right,-3.795,-0.279,-1.239,0.000,1.000,0.000,0.000,0.000,0.000,0.000,0.000,0.000,0.000,"",
67.450,Right,-3.795,-0.279,-1.239,0.000,1.000,0.000,0.000,0.000,0.000,0.000,0.000,0.000,0.000,"",
67.478,Right,-3.795,-0.279,-1.239,0.000,1.000,0.000,0.000,0.000,0.000,0.000,0.000,0.000,0.000,"",
67.507,Right,-3.795,-0.279,-1.239,0.000,1.000,0.000,0.000,0.000,0.000,0.000,0.000,0.000,0.000,"",
67.535,Right,-3.795,-0.279,-1.239,0.000,1.000,0.000,0.000,0.000,0.000,0.000,0.000,0.000,0.000,"",
67.564,Right,-3.795,-0.279,-1.239,0.000,1.000,0.000,0.000,0.000,0.000,0.000,0.000,0.000,0.000,"",
67.591,Right,-3.795,-0.279,-1.239,0.000,1.000,0.000,0.000,0.000,0.000,0.000,0.000,0.000,0.000,"",
67.617,Right,-3.795,-0.279,-1.239,0.000,1.000,0.000,0.000,0.000,0.000,0.000,0.000,0.000,0.000,"",
67.646,Right,-3.795,-0.279,-1.239,0.000,1.000,0.000,0.000,0.000,0.000,0.000,0.000,0.000,0.000,"",
67.675,Right,-3.795,-0.279,-1.239,0.000,1.000,0.000,0.000,0.000,0.000,0.000,0.000,0.000,0.000,"",
67.701,Right,-3.795,-0.279,-1.239,0.000,1.000,0.000,0.000,0.000,0.000,0.000,0.000,0.000,0.000,"",
67.731,Right,-3.795,-0.279,-1.239,0.000,1.000,0.000,0.000,0.000,0.000,0.000,0.000,0.000,0.000,"",
67.756,Right,-3.795,-0.279,-1.239,0.000,1.000,0.000,0.000,0.000,0.000,0.000,0.000,0.000,0.000,"",
67.784,Right,-3.795,-0.279,-1.239,0.000,1.000,0.000,0.000,0.000,0.000,0.000,0.000,0.000,0.000,"",
67.818,Right,-3.795,-0.279,-1.239,0.000,1.000,0.000,0.000,0.000,0.000,0.000,0.000,0.000,0.000,"",
67.840,Right,-3.795,-0.279,-1.239,0.000,1.000,0.000,0.000,0.000,0.000,0.000,0.000,0.000,0.000,"",
67.867,Right,-3.795,-0.279,-1.239,0.000,1.000,0.000,0.000,0.000,0.000,0.000,0.000,0.000,0.000,"",
67.896,Right,-3.795,-0.279,-1.239,0.000,1.000,0.000,0.000,0.000,0.000,0.000,0.000,0.000,0.000,"",
67.924,Right,-3.795,-0.279,-1.239,0.000,1.000,0.000,0.000,0.000,0.000,0.000,0.000,0.000,0.000,"",
67.952,Right,-3.795,-0.279,-1.239,0.000,1.000,0.000,0.000,0.000,0.000,0.000,0.000,0.000,0.000,"",
67.978,Right,-3.795,-0.279,-1.239,0.000,1.000,0.000,0.000,0.000,0.000,0.000,0.000,0.000,0.000,"",
68.006,Right,-3.795,-0.279,-1.239,0.000,1.000,0.000,0.000,0.000,0.000,0.000,0.000,0.000,0.000,"",
68.035,Right,-3.795,-0.279,-1.239,0.000,1.000,0.000,0.000,0.000,0.000,0.000,0.000,0.000,0.000,"",
68.063,Right,-3.795,-0.279,-1.239,0.000,1.000,0.000,0.000,0.000,0.000,0.000,0.000,0.000,0.000,"",
68.090,Right,-3.795,-0.279,-1.239,0.000,1.000,0.000,0.000,0.000,0.000,0.000,0.000,0.000,0.000,"",
68.118,Right,-3.795,-0.279,-1.239,0.000,1.000,0.000,0.000,0.000,0.000,0.000,0.000,0.000,0.000,"",
68.145,Right,-3.795,-0.279,-1.239,0.000,1.000,0.000,0.000,0.000,0.000,0.000,0.000,0.000,0.000,"",
68.175,Right,-3.795,-0.279,-1.239,0.000,1.000,0.000,0.000,0.000,0.000,0.000,0.000,0.000,0.000,"",
68.201,Right,-3.795,-0.279,-1.239,0.000,1.000,0.000,0.000,0.000,0.000,0.000,0.000,0.000,0.000,"",
68.229,Right,-3.795,-0.279,-1.239,0.000,1.000,0.000,0.000,0.000,0.000,0.000,0.000,0.000,0.000,"",
68.258,Right,-3.795,-0.279,-1.239,0.000,1.000,0.000,0.000,0.000,0.000,0.000,0.000,0.000,0.000,"",
68.286,Right,-3.795,-0.279,-1.239,0.000,1.000,0.000,0.000,0.000,0.000,0.000,0.000,0.000,0.000,"",
68.313,Right,-3.795,-0.279,-1.239,0.000,1.000,0.000,0.000,0.000,0.000,0.000,0.000,0.000,0.000,"",
68.342,Right,-3.795,-0.279,-1.239,0.000,1.000,0.000,0.000,0.000,0.000,0.000,0.000,0.000,0.000,"",
68.369,Right,-3.795,-0.279,-1.239,0.000,1.000,0.000,0.000,0.000,0.000,0.000,0.000,0.000,0.000,"",
68.396,Right,-3.795,-0.279,-1.239,0.000,1.000,0.000,0.000,0.000,0.000,0.000,0.000,0.000,0.000,"",
68.423,Right,-3.795,-0.279,-1.239,0.000,1.000,0.000,0.000,0.000,0.000,0.000,0.000,0.000,0.000,"",
68.440,Right,-3.795,-0.279,-1.239,0.000,1.000,0.000,0.000,0.000,0.000,0.000,0.000,0.000,0.000,"",
68.467,Right,-3.795,-0.279,-1.239,0.000,1.000,0.000,0.000,0.000,0.000,0.000,0.000,0.000,0.000,"",
68.495,Right,-3.795,-0.279,-1.239,0.000,1.000,0.000,0.000,0.000,0.000,0.000,0.000,0.000,0.000,"",
68.523,Right,-3.795,-0.279,-1.239,0.000,1.000,0.000,0.000,0.000,0.000,0.000,0.000,0.000,0.000,"",
68.551,Right,-3.795,-0.279,-1.239,0.000,1.000,0.000,0.000,0.000,0.000,0.000,0.000,0.000,0.000,"",
68.578,Right,-3.795,-0.279,-1.239,0.000,1.000,0.000,0.000,0.000,0.000,0.000,0.000,0.000,0.000,"",
68.606,Right,-3.795,-0.279,-1.239,0.000,1.000,0.000,0.000,0.000,0.000,0.000,0.000,0.000,0.000,"",
68.633,Right,-3.795,-0.279,-1.239,0.000,1.000,0.000,0.000,0.000,0.000,0.000,0.000,0.000,0.000,"",
68.649,Right,-3.795,-0.279,-1.239,0.000,1.000,0.000,0.000,0.000,0.000,0.000,0.000,0.000,0.000,"",
68.678,Right,-3.795,-0.279,-1.239,0.000,1.000,0.000,0.000,0.000,0.000,0.000,0.000,0.000,0.000,"",
68.712,Right,-3.795,-0.279,-1.239,0.000,1.000,0.000,0.000,0.000,0.000,0.000,0.000,0.000,0.000,"",
68.736,Right,-3.795,-0.279,-1.239,0.000,1.000,0.000,0.000,0.000,0.000,0.000,0.000,0.000,0.000,"",
68.764,Right,-3.795,-0.279,-1.239,0.000,1.000,0.000,0.000,0.000,0.000,0.000,0.000,0.000,0.000,"",
68.791,Right,-3.795,-0.279,-1.239,0.000,1.000,0.000,0.000,0.000,0.000,0.000,0.000,0.000,0.000,"",
68.816,Right,-3.795,-0.279,-1.239,0.000,1.000,0.000,0.000,0.000,0.000,0.000,0.000,0.000,0.000,"",
68.844,Right,-3.795,-0.279,-1.239,0.000,1.000,0.000,0.000,0.000,0.000,0.000,0.000,0.000,0.000,"",
68.872,Right,-3.795,-0.279,-1.239,0.000,1.000,0.000,0.000,0.000,0.000,0.000,0.000,0.000,0.000,"",
68.899,Right,-3.795,-0.279,-1.239,0.000,1.000,0.000,0.000,0.000,0.000,0.000,0.000,0.000,0.000,"",
68.926,Right,-3.795,-0.279,-1.239,0.000,1.000,0.000,0.000,0.000,0.000,0.000,0.000,0.000,0.000,"",
68.960,Right,-3.795,-0.279,-1.239,0.000,1.000,0.000,0.000,0.000,0.000,0.000,0.000,0.000,0.000,"",
68.980,Right,-3.795,-0.279,-1.239,0.000,1.000,0.000,0.000,0.000,0.000,0.000,0.000,0.000,0.000,"",
69.009,Right,-3.795,-0.279,-1.239,0.000,1.000,0.000,0.000,0.000,0.000,0.000,0.000,0.000,0.000,"",
69.037,Right,-3.795,-0.279,-1.239,0.000,1.000,0.000,0.000,0.000,0.000,0.000,0.000,0.000,0.000,"",
69.064,Right,-3.795,-0.279,-1.239,0.000,1.000,0.000,0.000,0.000,0.000,0.000,0.000,0.000,0.000,"",
69.095,Right,-3.795,-0.279,-1.239,0.000,1.000,0.000,0.000,0.000,0.000,0.000,0.000,0.000,0.000,"",
69.126,Right,-3.795,-0.279,-1.239,0.000,1.000,0.000,0.000,0.000,0.000,0.000,0.000,0.000,0.000,"",
69.152,Right,-3.795,-0.279,-1.239,0.000,1.000,0.000,0.000,0.000,0.000,0.000,0.000,0.000,0.000,"",
69.175,Right,-3.795,-0.279,-1.239,0.000,1.000,0.000,0.000,0.000,0.000,0.000,0.000,0.000,0.000,"",
69.207,Right,-3.795,-0.279,-1.239,0.000,1.000,0.000,0.000,0.000,0.000,0.000,0.000,0.000,0.000,"",
69.231,Right,-3.795,-0.279,-1.239,0.000,1.000,0.000,0.000,0.000,0.000,0.000,0.000,0.000,0.000,"",
69.257,Right,-3.795,-0.279,-1.239,0.000,1.000,0.000,0.000,0.000,0.000,0.000,0.000,0.000,0.000,"",
69.285,Right,-3.795,-0.279,-1.239,0.000,1.000,0.000,0.000,0.000,0.000,0.000,0.000,0.000,0.000,"",
69.319,Right,-3.795,-0.279,-1.239,0.000,1.000,0.000,0.000,0.000,0.000,0.000,0.000,0.000,0.000,"",
69.342,Right,-3.795,-0.279,-1.239,0.000,1.000,0.000,0.000,0.000,0.000,0.000,0.000,0.000,0.000,"",
69.370,Right,-3.795,-0.279,-1.239,0.000,1.000,0.000,0.000,0.000,0.000,0.000,0.000,0.000,0.000,"",
69.396,Right,-3.795,-0.279,-1.239,0.000,1.000,0.000,0.000,0.000,0.000,0.000,0.000,0.000,0.000,"",
69.425,Right,-3.795,-0.279,-1.239,0.000,1.000,0.000,0.000,0.000,0.000,0.000,0.000,0.000,0.000,"",
69.455,Right,-3.795,-0.279,-1.239,0.000,1.000,0.000,0.000,0.000,0.000,0.000,0.000,0.000,0.000,"",
69.483,Right,-3.795,-0.279,-1.239,0.000,1.000,0.000,0.000,0.000,0.000,0.000,0.000,0.000,0.000,"",
69.512,Right,-3.795,-0.279,-1.239,0.000,1.000,0.000,0.000,0.000,0.000,0.000,0.000,0.000,0.000,"",
69.539,Right,-3.795,-0.279,-1.239,0.000,1.000,0.000,0.000,0.000,0.000,0.000,0.000,0.000,0.000,"",
69.569,Right,-3.795,-0.279,-1.239,0.000,1.000,0.000,0.000,0.000,0.000,0.000,0.000,0.000,0.000,"",
69.592,Right,-3.795,-0.279,-1.239,0.000,1.000,0.000,0.000,0.000,0.000,0.000,0.000,0.000,0.000,"",
69.624,Right,-3.795,-0.279,-1.239,0.000,1.000,0.000,0.000,0.000,0.000,0.000,0.000,0.000,0.000,"",
69.648,Right,-3.795,-0.279,-1.239,0.000,1.000,0.000,0.000,0.000,0.000,0.000,0.000,0.000,0.000,"",
69.675,Right,-3.795,-0.279,-1.239,0.000,1.000,0.000,0.000,0.000,0.000,0.000,0.000,0.000,0.000,"",
69.703,Right,-3.795,-0.279,-1.239,0.000,1.000,0.000,0.000,0.000,0.000,0.000,0.000,0.000,0.000,"",
69.732,Right,-3.795,-0.279,-1.239,0.000,1.000,0.000,0.000,0.000,0.000,0.000,0.000,0.000,0.000,"",
69.758,Right,-3.795,-0.279,-1.239,0.000,1.000,0.000,0.000,0.000,0.000,0.000,0.000,0.000,0.000,"",
69.786,Right,-3.795,-0.279,-1.239,0.000,1.000,0.000,0.000,0.000,0.000,0.000,0.000,0.000,0.000,"",
69.815,Right,-3.795,-0.279,-1.239,0.000,1.000,0.000,0.000,0.000,0.000,0.000,0.000,0.000,0.000,"",
69.844,Right,-3.795,-0.279,-1.239,0.000,1.000,0.000,0.000,0.000,0.000,0.000,0.000,0.000,0.000,"",
69.871,Right,-3.795,-0.279,-1.239,0.000,1.000,0.000,0.000,0.000,0.000,0.000,0.000,0.000,0.000,"",
69.899,Right,-3.795,-0.279,-1.239,0.000,1.000,0.000,0.000,0.000,0.000,0.000,0.000,0.000,0.000,"",
69.926,Right,-3.795,-0.279,-1.239,0.000,1.000,0.000,0.000,0.000,0.000,0.000,0.000,0.000,0.000,"",
69.958,Right,-3.795,-0.279,-1.239,0.000,1.000,0.000,0.000,0.000,0.000,0.000,0.000,0.000,0.000,"",
69.983,Right,-3.795,-0.279,-1.239,0.000,1.000,0.000,0.000,0.000,0.000,0.000,0.000,0.000,0.000,"",
70.011,Right,-3.795,-0.279,-1.239,0.000,1.000,0.000,0.000,0.000,0.000,0.000,0.000,0.000,0.000,"",
70.037,Right,-3.795,-0.279,-1.239,0.000,1.000,0.000,0.000,0.000,0.000,0.000,0.000,0.000,0.000,"",
70.067,Right,-3.795,-0.279,-1.239,0.000,1.000,0.000,0.000,0.000,0.000,0.000,0.000,0.000,0.000,"",
70.096,Right,-3.795,-0.279,-1.239,0.000,1.000,0.000,0.000,0.000,0.000,0.000,0.000,0.000,0.000,"",
70.123,Right,-3.795,-0.279,-1.239,0.000,1.000,0.000,0.000,0.000,0.000,0.000,0.000,0.000,0.000,"",
70.150,Right,-3.795,-0.279,-1.239,0.000,1.000,0.000,0.000,0.000,0.000,0.000,0.000,0.000,0.000,"",
70.178,Right,-3.795,-0.279,-1.239,0.000,1.000,0.000,0.000,0.000,0.000,0.000,0.000,0.000,0.000,"",
70.207,Right,-3.795,-0.279,-1.239,0.000,1.000,0.000,0.000,0.000,0.000,0.000,0.000,0.000,0.000,"",
70.236,Right,-3.795,-0.279,-1.239,0.000,1.000,0.000,0.000,0.000,0.000,0.000,0.000,0.000,0.000,"",
70.261,Right,-3.795,-0.279,-1.239,0.000,1.000,0.000,0.000,0.000,0.000,0.000,0.000,0.000,0.000,"",
70.289,Right,-3.795,-0.279,-1.239,0.000,1.000,0.000,0.000,0.000,0.000,0.000,0.000,0.000,0.000,"",
70.317,Right,-3.795,-0.279,-1.239,0.000,1.000,0.000,0.000,0.000,0.000,0.000,0.000,0.000,0.000,"",
70.346,Right,-3.795,-0.279,-1.239,0.000,1.000,0.000,0.000,0.000,0.000,0.000,0.000,0.000,0.000,"",
70.373,Right,-3.795,-0.279,-1.239,0.000,1.000,0.000,0.000,0.000,0.000,0.000,0.000,0.000,0.000,"",
70.403,Right,-3.795,-0.279,-1.239,0.000,1.000,0.000,0.000,0.000,0.000,0.000,0.000,0.000,0.000,"",
70.431,Right,-3.795,-0.279,-1.239,0.000,1.000,0.000,0.000,0.000,0.000,0.000,0.000,0.000,0.000,"",
70.457,Right,-3.795,-0.279,-1.239,0.000,1.000,0.000,0.000,0.000,0.000,0.000,0.000,0.000,0.000,"",
70.484,Right,-3.795,-0.279,-1.239,0.000,1.000,0.000,0.000,0.000,0.000,0.000,0.000,0.000,0.000,"",
70.512,Right,-3.795,-0.279,-1.239,0.000,1.000,0.000,0.000,0.000,0.000,0.000,0.000,0.000,0.000,"",
70.540,Right,-3.795,-0.279,-1.239,0.000,1.000,0.000,0.000,0.000,0.000,0.000,0.000,0.000,0.000,"",
70.568,Right,-3.795,-0.279,-1.239,0.000,1.000,0.000,0.000,0.000,0.000,0.000,0.000,0.000,0.000,"",
70.596,Right,-3.795,-0.279,-1.239,0.000,1.000,0.000,0.000,0.000,0.000,0.000,0.000,0.000,0.000,"",
70.624,Right,-3.795,-0.279,-1.239,0.000,1.000,0.000,0.000,0.000,0.000,0.000,0.000,0.000,0.000,"",
70.652,Right,-3.795,-0.279,-1.239,0.000,1.000,0.000,0.000,0.000,0.000,0.000,0.000,0.000,0.000,"",
70.679,Right,-3.795,-0.279,-1.239,0.000,1.000,0.000,0.000,0.000,0.000,0.000,0.000,0.000,0.000,"",
70.707,Right,-3.795,-0.279,-1.239,0.000,1.000,0.000,0.000,0.000,0.000,0.000,0.000,0.000,0.000,"",
70.737,Right,-3.795,-0.279,-1.239,0.000,1.000,0.000,0.000,0.000,0.000,0.000,0.000,0.000,0.000,"",
70.765,Right,-3.795,-0.279,-1.239,0.000,1.000,0.000,0.000,0.000,0.000,0.000,0.000,0.000,0.000,"",
70.793,Right,-3.795,-0.279,-1.239,0.000,1.000,0.000,0.000,0.000,0.000,0.000,0.000,0.000,0.000,"",
70.820,Right,-3.795,-0.279,-1.239,0.000,1.000,0.000,0.000,0.000,0.000,0.000,0.000,0.000,0.000,"",
70.846,Right,-3.795,-0.279,-1.239,0.000,1.000,0.000,0.000,0.000,0.000,0.000,0.000,0.000,0.000,"",
70.874,Right,-3.795,-0.279,-1.239,0.000,1.000,0.000,0.000,0.000,0.000,0.000,0.000,0.000,0.000,"",
70.903,Right,-3.795,-0.279,-1.239,0.000,1.000,0.000,0.000,0.000,0.000,0.000,0.000,0.000,0.000,"",
70.933,Right,-3.795,-0.279,-1.239,0.000,1.000,0.000,0.000,0.000,0.000,0.000,0.000,0.000,0.000,"",
70.959,Right,-3.795,-0.279,-1.239,0.000,1.000,0.000,0.000,0.000,0.000,0.000,0.000,0.000,0.000,"",
70.987,Right,-3.795,-0.279,-1.239,0.000,1.000,0.000,0.000,0.000,0.000,0.000,0.000,0.000,0.000,"",
71.015,Right,-3.795,-0.279,-1.239,0.000,1.000,0.000,0.000,0.000,0.000,0.000,0.000,0.000,0.000,"",
71.041,Right,-3.795,-0.279,-1.239,0.000,1.000,0.000,0.000,0.000,0.000,0.000,0.000,0.000,0.000,"",
71.070,Right,-3.795,-0.279,-1.239,0.000,1.000,0.000,0.000,0.000,0.000,0.000,0.000,0.000,0.000,"",
71.100,Right,-3.795,-0.279,-1.239,0.000,1.000,0.000,0.000,0.000,0.000,0.000,0.000,0.000,0.000,"",
71.131,Right,-3.795,-0.279,-1.239,0.000,1.000,0.000,0.000,0.000,0.000,0.000,0.000,0.000,0.000,"",
71.158,Right,-3.795,-0.279,-1.239,0.000,1.000,0.000,0.000,0.000,0.000,0.000,0.000,0.000,0.000,"",
71.181,Right,-3.795,-0.279,-1.239,0.000,1.000,0.000,0.000,0.000,0.000,0.000,0.000,0.000,0.000,"",
71.210,Right,-3.795,-0.279,-1.239,0.000,1.000,0.000,0.000,0.000,0.000,0.000,0.000,0.000,0.000,"",
71.237,Right,-3.795,-0.279,-1.239,0.000,1.000,0.000,0.000,0.000,0.000,0.000,0.000,0.000,0.000,"",
71.264,Right,-3.795,-0.279,-1.239,0.000,1.000,0.000,0.000,0.000,0.000,0.000,0.000,0.000,0.000,"",
71.292,Right,-3.795,-0.279,-1.239,0.000,1.000,0.000,0.000,0.000,0.000,0.000,0.000,0.000,0.000,"",
71.320,Right,-3.795,-0.279,-1.239,0.000,1.000,0.000,0.000,0.000,0.000,0.000,0.000,0.000,0.000,"",
71.348,Right,-3.795,-0.279,-1.239,0.000,1.000,0.000,0.000,0.000,0.000,0.000,0.000,0.000,0.000,"",
71.378,Right,-3.795,-0.279,-1.239,0.000,1.000,0.000,0.000,0.000,0.000,0.000,0.000,0.000,0.000,"",
71.406,Right,-3.795,-0.279,-1.239,0.000,1.000,0.000,0.000,0.000,0.000,0.000,0.000,0.000,0.000,"",
71.433,Right,-3.795,-0.279,-1.239,0.000,1.000,0.000,0.000,0.000,0.000,0.000,0.000,0.000,0.000,"",
71.461,Right,-3.795,-0.279,-1.239,0.000,1.000,0.000,0.000,0.000,0.000,0.000,0.000,0.000,0.000,"",
71.489,Right,-3.795,-0.279,-1.239,0.000,1.000,0.000,0.000,0.000,0.000,0.000,0.000,0.000,0.000,"",
71.516,Right,-3.795,-0.279,-1.239,0.000,1.000,0.000,0.000,0.000,0.000,0.000,0.000,0.000,0.000,"",
71.543,Right,-3.795,-0.279,-1.239,0.000,1.000,0.000,0.000,0.000,0.000,0.000,0.000,0.000,0.000,"",
71.572,Right,-3.795,-0.279,-1.239,0.000,1.000,0.000,0.000,0.000,0.000,0.000,0.000,0.000,0.000,"",
71.597,Right,-3.795,-0.279,-1.239,0.000,1.000,0.000,0.000,0.000,0.000,0.000,0.000,0.000,0.000,"",
71.625,Right,-3.795,-0.279,-1.239,0.000,1.000,0.000,0.000,0.000,0.000,0.000,0.000,0.000,0.000,"",
71.656,Right,-3.795,-0.279,-1.239,0.000,1.000,0.000,0.000,0.000,0.000,0.000,0.000,0.000,0.000,"",
71.683,Right,-3.795,-0.279,-1.239,0.000,1.000,0.000,0.000,0.000,0.000,0.000,0.000,0.000,0.000,"",
71.711,Right,-3.795,-0.279,-1.239,0.000,1.000,0.000,0.000,0.000,0.000,0.000,0.000,0.000,0.000,"",
71.739,Right,-3.795,-0.279,-1.239,0.000,1.000,0.000,0.000,0.000,0.000,0.000,0.000,0.000,0.000,"",
71.768,Right,-3.795,-0.279,-1.239,0.000,1.000,0.000,0.000,0.000,0.000,0.000,0.000,0.000,0.000,"",
71.794,Right,-3.795,-0.279,-1.239,0.000,1.000,0.000,0.000,0.000,0.000,0.000,0.000,0.000,0.000,"",
71.821,Right,-3.795,-0.279,-1.239,0.000,1.000,0.000,0.000,0.000,0.000,0.000,0.000,0.000,0.000,"",
71.849,Right,-3.795,-0.279,-1.239,0.000,1.000,0.000,0.000,0.000,0.000,0.000,0.000,0.000,0.000,"",
71.877,Right,-3.795,-0.279,-1.239,0.000,1.000,0.000,0.000,0.000,0.000,0.000,0.000,0.000,0.000,"",
71.905,Right,-3.795,-0.279,-1.239,0.000,1.000,0.000,0.000,0.000,0.000,0.000,0.000,0.000,0.000,"",
71.934,Right,-3.795,-0.279,-1.239,0.000,1.000,0.000,0.000,0.000,0.000,0.000,0.000,0.000,0.000,"",
71.961,Right,-3.795,-0.279,-1.239,0.000,1.000,0.000,0.000,0.000,0.000,0.000,0.000,0.000,0.000,"",
71.990,Right,-3.795,-0.279,-1.239,0.000,1.000,0.000,0.000,0.000,0.000,0.000,0.000,0.000,0.000,"",
72.017,Right,-3.795,-0.279,-1.239,0.000,1.000,0.000,0.000,0.000,0.000,0.000,0.000,0.000,0.000,"",
72.045,Right,-3.795,-0.279,-1.239,0.000,1.000,0.000,0.000,0.000,0.000,0.000,0.000,0.000,0.000,"",
72.074,Right,-3.795,-0.279,-1.239,0.000,1.000,0.000,0.000,0.000,0.000,0.000,0.000,0.000,0.000,"",
72.101,Right,-3.795,-0.279,-1.239,0.000,1.000,0.000,0.000,0.000,0.000,0.000,0.000,0.000,0.000,"",
72.130,Right,-3.795,-0.279,-1.239,0.000,1.000,0.000,0.000,0.000,0.000,0.000,0.000,0.000,0.000,"",
72.156,Right,-3.795,-0.279,-1.239,0.000,1.000,0.000,0.000,0.000,0.000,0.000,0.000,0.000,0.000,"",
72.184,Right,-3.795,-0.279,-1.239,0.000,1.000,0.000,0.000,0.000,0.000,0.000,0.000,0.000,0.000,"",
72.213,Right,-3.795,-0.279,-1.239,0.000,1.000,0.000,0.000,0.000,0.000,0.000,0.000,0.000,0.000,"",
72.241,Right,-3.795,-0.279,-1.239,0.000,1.000,0.000,0.000,0.000,0.000,0.000,0.000,0.000,0.000,"",
72.269,Right,-3.795,-0.279,-1.239,0.000,1.000,0.000,0.000,0.000,0.000,0.000,0.000,0.000,0.000,"",
72.296,Right,-3.795,-0.279,-1.239,0.000,1.000,0.000,0.000,0.000,0.000,0.000,0.000,0.000,0.000,"",
72.323,Right,-3.795,-0.279,-1.239,0.000,1.000,0.000,0.000,0.000,0.000,0.000,0.000,0.000,0.000,"",
72.352,Right,-3.795,-0.279,-1.239,0.000,1.000,0.000,0.000,0.000,0.000,0.000,0.000,0.000,0.000,"",
72.379,Right,-3.795,-0.279,-1.239,0.000,1.000,0.000,0.000,0.000,0.000,0.000,0.000,0.000,0.000,"",
72.407,Right,-3.795,-0.279,-1.239,0.000,1.000,0.000,0.000,0.000,0.000,0.000,0.000,0.000,0.000,"",
72.436,Right,-3.795,-0.279,-1.239,0.000,1.000,0.000,0.000,0.000,0.000,0.000,0.000,0.000,0.000,"",
72.464,Right,-3.795,-0.279,-1.239,0.000,1.000,0.000,0.000,0.000,0.000,0.000,0.000,0.000,0.000,"",
72.491,Right,-3.795,-0.279,-1.239,0.000,1.000,0.000,0.000,0.000,0.000,0.000,0.000,0.000,0.000,"",
72.519,Right,-3.795,-0.279,-1.239,0.000,1.000,0.000,0.000,0.000,0.000,0.000,0.000,0.000,0.000,"",
72.547,Right,-3.795,-0.279,-1.239,0.000,1.000,0.000,0.000,0.000,0.000,0.000,0.000,0.000,0.000,"",
72.576,Right,-3.795,-0.279,-1.239,0.000,1.000,0.000,0.000,0.000,0.000,0.000,0.000,0.000,0.000,"",
72.603,Right,-3.795,-0.279,-1.239,0.000,1.000,0.000,0.000,0.000,0.000,0.000,0.000,0.000,0.000,"",
72.631,Right,-3.795,-0.279,-1.239,0.000,1.000,0.000,0.000,0.000,0.000,0.000,0.000,0.000,0.000,"",
72.658,Right,-3.795,-0.279,-1.239,0.000,1.000,0.000,0.000,0.000,0.000,0.000,0.000,0.000,0.000,"",
72.686,Right,-3.795,-0.279,-1.239,0.000,1.000,0.000,0.000,0.000,0.000,0.000,0.000,0.000,0.000,"",
72.714,Right,-3.795,-0.279,-1.239,0.000,1.000,0.000,0.000,0.000,0.000,0.000,0.000,0.000,0.000,"",
72.743,Right,-3.795,-0.279,-1.239,0.000,1.000,0.000,0.000,0.000,0.000,0.000,0.000,0.000,0.000,"",
72.770,Right,-3.795,-0.279,-1.239,0.000,1.000,0.000,0.000,0.000,0.000,0.000,0.000,0.000,0.000,"",
72.797,Right,-3.795,-0.279,-1.239,0.000,1.000,0.000,0.000,0.000,0.000,0.000,0.000,0.000,0.000,"",
72.826,Right,-3.795,-0.279,-1.239,0.000,1.000,0.000,0.000,0.000,0.000,0.000,0.000,0.000,0.000,"",
72.855,Right,-3.795,-0.279,-1.239,0.000,1.000,0.000,0.000,0.000,0.000,0.000,0.000,0.000,0.000,"",
72.881,Right,-3.795,-0.279,-1.239,0.000,1.000,0.000,0.000,0.000,0.000,0.000,0.000,0.000,0.000,"",
72.911,Right,-3.795,-0.279,-1.239,0.000,1.000,0.000,0.000,0.000,0.000,0.000,0.000,0.000,0.000,"",
72.937,Right,-3.795,-0.279,-1.239,0.000,1.000,0.000,0.000,0.000,0.000,0.000,0.000,0.000,0.000,"",
72.964,Right,-3.795,-0.279,-1.239,0.000,1.000,0.000,0.000,0.000,0.000,0.000,0.000,0.000,0.000,"",
72.992,Right,-3.795,-0.279,-1.239,0.000,1.000,0.000,0.000,0.000,0.000,0.000,0.000,0.000,0.000,"",
73.020,Right,-3.795,-0.279,-1.239,0.000,1.000,0.000,0.000,0.000,0.000,0.000,0.000,0.000,0.000,"",
73.035,Right,-3.795,-0.279,-1.239,0.000,1.000,0.000,0.000,0.000,0.000,0.000,0.000,0.000,0.000,"",
73.061,Right,-3.795,-0.279,-1.239,0.000,1.000,0.000,0.000,0.000,0.000,0.000,0.000,0.000,0.000,"",
73.077,Right,-3.795,-0.279,-1.239,0.000,1.000,0.000,0.000,0.000,0.000,0.000,0.000,0.000,0.000,"",
73.102,Right,-3.795,-0.279,-1.239,0.000,1.000,0.000,0.000,0.000,0.000,0.000,0.000,0.000,0.000,"",
73.117,Right,-3.795,-0.279,-1.239,0.000,1.000,0.000,0.000,0.000,0.000,0.000,0.000,0.000,0.000,"",
73.131,Right,-3.795,-0.279,-1.239,0.000,1.000,0.000,0.000,0.000,0.000,0.000,0.000,0.000,0.000,"",
73.147,Right,-3.795,-0.279,-1.239,0.000,1.000,0.000,0.000,0.000,0.000,0.000,0.000,0.000,0.000,"",
73.174,Right,-3.795,-0.279,-1.239,0.000,1.000,0.000,0.000,0.000,0.000,0.000,0.000,0.000,0.000,"",
73.190,Right,-3.795,-0.279,-1.239,0.000,1.000,0.000,0.000,0.000,0.000,0.000,0.000,0.000,0.000,"",
73.213,Right,-3.795,-0.279,-1.239,0.000,1.000,0.000,0.000,0.000,0.000,0.000,0.000,0.000,0.000,"",
73.228,Right,-3.795,-0.279,-1.239,0.000,1.000,0.000,0.000,0.000,0.000,0.000,0.000,0.000,0.000,"",
73.241,Right,-3.795,-0.279,-1.239,0.000,1.000,0.000,0.000,0.000,0.000,0.000,0.000,0.000,0.000,"",
73.255,Right,-3.795,-0.279,-1.239,0.000,1.000,0.000,0.000,0.000,0.000,0.000,0.000,0.000,0.000,"",
73.267,Right,-3.795,-0.279,-1.239,0.000,1.000,0.000,0.000,0.000,0.000,0.000,0.000,0.000,0.000,"",
73.283,Right,-3.795,-0.279,-1.239,0.000,1.000,0.000,0.000,0.000,0.000,0.000,0.000,0.000,0.000,"",
73.297,Right,-3.795,-0.279,-1.239,0.000,1.000,0.000,0.000,0.000,0.000,0.000,0.000,0.000,0.000,"",
73.310,Right,-3.795,-0.279,-1.239,0.000,1.000,0.000,0.000,0.000,0.000,0.000,0.000,0.000,0.000,"",
73.325,Right,-3.795,-0.279,-1.239,0.000,1.000,0.000,0.000,0.000,0.000,0.000,0.000,0.000,0.000,"",
73.339,Right,-3.795,-0.279,-1.239,0.000,1.000,0.000,0.000,0.000,0.000,0.000,0.000,0.000,0.000,"",
73.352,Right,-3.795,-0.279,-1.239,0.000,1.000,0.000,0.000,0.000,0.000,0.000,0.000,0.000,0.000,"",
73.367,Right,-3.795,-0.279,-1.239,0.000,1.000,0.000,0.000,0.000,0.000,0.000,0.000,0.000,0.000,"",
73.381,Right,-3.795,-0.279,-1.239,0.000,1.000,0.000,0.000,0.000,0.000,0.000,0.000,0.000,0.000,"",
73.395,Right,-3.795,-0.279,-1.239,0.000,1.000,0.000,0.000,0.000,0.000,0.000,0.000,0.000,0.000,"",
73.408,Right,-3.795,-0.279,-1.239,0.000,1.000,0.000,0.000,0.000,0.000,0.000,0.000,0.000,0.000,"",
73.423,Right,-3.795,-0.279,-1.239,0.000,1.000,0.000,0.000,0.000,0.000,0.000,0.000,0.000,0.000,"",
73.438,Right,-3.795,-0.279,-1.239,0.000,1.000,0.000,0.000,0.000,0.000,0.000,0.000,0.000,0.000,"",
73.450,Right,-3.795,-0.279,-1.239,0.000,1.000,0.000,0.000,0.000,0.000,0.000,0.000,0.000,0.000,"",
73.466,Right,-3.795,-0.279,-1.239,0.000,1.000,0.000,0.000,0.000,0.000,0.000,0.000,0.000,0.000,"",
73.479,Right,-3.795,-0.279,-1.239,0.000,1.000,0.000,0.000,0.000,0.000,0.000,0.000,0.000,0.000,"",
73.494,Right,-3.795,-0.279,-1.239,0.000,1.000,0.000,0.000,0.000,0.000,0.000,0.000,0.000,0.000,"",
73.510,Right,-3.795,-0.279,-1.239,0.000,1.000,0.000,0.000,0.000,0.000,0.000,0.000,0.000,0.000,"",
73.525,Right,-3.795,-0.279,-1.239,0.000,1.000,0.000,0.000,0.000,0.000,0.000,0.000,0.000,0.000,"",
73.540,Right,-3.795,-0.279,-1.239,0.000,1.000,0.000,0.000,0.000,0.000,0.000,0.000,0.000,0.000,"",
73.563,Right,-3.795,-0.279,-1.239,0.000,1.000,0.000,0.000,0.000,0.000,0.000,0.000,0.000,0.000,"",
73.579,Right,-3.795,-0.279,-1.239,0.000,1.000,0.000,0.000,0.000,0.000,0.000,0.000,0.000,0.000,"",
73.593,Right,-3.795,-0.279,-1.239,0.000,1.000,0.000,0.000,0.000,0.000,0.000,0.000,0.000,0.000,"",
73.608,Right,-3.795,-0.279,-1.239,0.000,1.000,0.000,0.000,0.000,0.000,0.000,0.000,0.000,0.000,"",
73.636,Right,-3.795,-0.279,-1.239,0.000,1.000,0.000,0.000,0.000,0.000,0.000,0.000,0.000,0.000,"",
73.661,Right,-3.795,-0.279,-1.239,0.000,1.000,0.000,0.000,0.000,0.000,0.000,0.000,0.000,0.000,"",
73.676,Right,-3.795,-0.279,-1.239,0.000,1.000,0.000,0.000,0.000,0.000,0.000,0.000,0.000,0.000,"",
73.700,Right,-3.795,-0.279,-1.239,0.000,1.000,0.000,0.000,0.000,0.000,0.000,0.000,0.000,0.000,"",
73.715,Right,-3.795,-0.279,-1.239,0.000,1.000,0.000,0.000,0.000,0.000,0.000,0.000,0.000,0.000,"",
73.728,Right,-3.795,-0.279,-1.239,0.000,1.000,0.000,0.000,0.000,0.000,0.000,0.000,0.000,0.000,"",
73.742,Right,-3.795,-0.279,-1.239,0.000,1.000,0.000,0.000,0.000,0.000,0.000,0.000,0.000,0.000,"",
73.758,Right,-3.795,-0.279,-1.239,0.000,1.000,0.000,0.000,0.000,0.000,0.000,0.000,0.000,0.000,"",
73.769,Right,-3.795,-0.279,-1.239,0.000,1.000,0.000,0.000,0.000,0.000,0.000,0.000,0.000,0.000,"",
73.784,Right,-3.795,-0.279,-1.239,0.000,1.000,0.000,0.000,0.000,0.000,0.000,0.000,0.000,0.000,"",
73.799,Right,-3.795,-0.279,-1.239,0.000,1.000,0.000,0.000,0.000,0.000,0.000,0.000,0.000,0.000,"",
73.811,Right,-3.795,-0.279,-1.239,0.000,1.000,0.000,0.000,0.000,0.000,0.000,0.000,0.000,0.000,"",
73.827,Right,-3.795,-0.279,-1.239,0.000,1.000,0.000,0.000,0.000,0.000,0.000,0.000,0.000,0.000,"",
73.841,Right,-3.795,-0.279,-1.239,0.000,1.000,0.000,0.000,0.000,0.000,0.000,0.000,0.000,0.000,"",
73.856,Right,-3.795,-0.279,-1.239,0.000,1.000,0.000,0.000,0.000,0.000,0.000,0.000,0.000,0.000,"",
73.867,Right,-3.795,-0.279,-1.239,0.000,1.000,0.000,0.000,0.000,0.000,0.000,0.000,0.000,0.000,"",
73.883,Right,-3.795,-0.279,-1.239,0.000,1.000,0.000,0.000,0.000,0.000,0.000,0.000,0.000,0.000,"",
73.897,Right,-3.795,-0.279,-1.239,0.000,1.000,0.000,0.000,0.000,0.000,0.000,0.000,0.000,0.000,"",
73.909,Right,-3.795,-0.279,-1.239,0.000,1.000,0.000,0.000,0.000,0.000,0.000,0.000,0.000,0.000,"",
73.925,Right,-3.795,-0.279,-1.239,0.000,1.000,0.000,0.000,0.000,0.000,0.000,0.000,0.000,0.000,"",
73.939,Right,-3.795,-0.279,-1.239,0.000,1.000,0.000,0.000,0.000,0.000,0.000,0.000,0.000,0.000,"",
73.951,Right,-3.795,-0.279,-1.239,0.000,1.000,0.000,0.000,0.000,0.000,0.000,0.000,0.000,0.000,"",
73.967,Right,-3.795,-0.279,-1.239,0.000,1.000,0.000,0.000,0.000,0.000,0.000,0.000,0.000,0.000,"",
73.981,Right,-3.795,-0.279,-1.239,0.000,1.000,0.000,0.000,0.000,0.000,0.000,0.000,0.000,0.000,"",
73.995,Right,-3.795,-0.279,-1.239,0.000,1.000,0.000,0.000,0.000,0.000,0.000,0.000,0.000,0.000,"",
74.007,Right,-3.795,-0.279,-1.239,0.000,1.000,0.000,0.000,0.000,0.000,0.000,0.000,0.000,0.000,"",
74.022,Right,-3.795,-0.279,-1.239,0.000,1.000,0.000,0.000,0.000,0.000,0.000,0.000,0.000,0.000,"",
74.036,Right,-3.795,-0.279,-1.239,0.000,1.000,0.000,0.000,0.000,0.000,0.000,0.000,0.000,0.000,"",
74.049,Right,-3.795,-0.279,-1.239,0.000,1.000,0.000,0.000,0.000,0.000,0.000,0.000,0.000,0.000,"",
74.064,Right,-3.795,-0.279,-1.239,0.000,1.000,0.000,0.000,0.000,0.000,0.000,0.000,0.000,0.000,"",
74.078,Right,-3.795,-0.279,-1.239,0.000,1.000,0.000,0.000,0.000,0.000,0.000,0.000,0.000,0.000,"",
74.091,Right,-3.795,-0.279,-1.239,0.000,1.000,0.000,0.000,0.000,0.000,0.000,0.000,0.000,0.000,"",
74.106,Right,-3.795,-0.279,-1.239,0.000,1.000,0.000,0.000,0.000,0.000,0.000,0.000,0.000,0.000,"",
74.120,Right,-3.795,-0.279,-1.239,0.000,1.000,0.000,0.000,0.000,0.000,0.000,0.000,0.000,0.000,"",
74.135,Right,-3.795,-0.279,-1.239,0.000,1.000,0.000,0.000,0.000,0.000,0.000,0.000,0.000,0.000,"",
74.150,Right,-3.795,-0.279,-1.239,0.000,1.000,0.000,0.000,0.000,0.000,0.000,0.000,0.000,0.000,"",
74.162,Right,-3.795,-0.279,-1.239,0.000,1.000,0.000,0.000,0.000,0.000,0.000,0.000,0.000,0.000,"",
74.176,Right,-3.795,-0.279,-1.239,0.000,1.000,0.000,0.000,0.000,0.000,0.000,0.000,0.000,0.000,"",
74.189,Right,-3.795,-0.279,-1.239,0.000,1.000,0.000,0.000,0.000,0.000,0.000,0.000,0.000,0.000,"",
74.204,Right,-3.795,-0.279,-1.239,0.000,1.000,0.000,0.000,0.000,0.000,0.000,0.000,0.000,0.000,"",
74.218,Right,-3.795,-0.279,-1.239,0.000,1.000,0.000,0.000,0.000,0.000,0.000,0.000,0.000,0.000,"",
74.230,Right,-3.795,-0.279,-1.239,0.000,1.000,0.000,0.000,0.000,0.000,0.000,0.000,0.000,0.000,"",
74.246,Right,-3.795,-0.279,-1.239,0.000,1.000,0.000,0.000,0.000,0.000,0.000,0.000,0.000,0.000,"",
74.260,Right,-3.795,-0.279,-1.239,0.000,1.000,0.000,0.000,0.000,0.000,0.000,0.000,0.000,0.000,"",
74.273,Right,-3.795,-0.279,-1.239,0.000,1.000,0.000,0.000,0.000,0.000,0.000,0.000,0.000,0.000,"",
74.286,Right,-3.795,-0.279,-1.239,0.000,1.000,0.000,0.000,0.000,0.000,0.000,0.000,0.000,0.000,"",
74.302,Right,-3.795,-0.279,-1.239,0.000,1.000,0.000,0.000,0.000,0.000,0.000,0.000,0.000,0.000,"",
74.315,Right,-3.795,-0.279,-1.239,0.000,1.000,0.000,0.000,0.000,0.000,0.000,0.000,0.000,0.000,"",
74.328,Right,-3.795,-0.279,-1.239,0.000,1.000,0.000,0.000,0.000,0.000,0.000,0.000,0.000,0.000,"",
74.343,Right,-3.795,-0.279,-1.239,0.000,1.000,0.000,0.000,0.000,0.000,0.000,0.000,0.000,0.000,"",
74.357,Right,-3.795,-0.279,-1.239,0.000,1.000,0.000,0.000,0.000,0.000,0.000,0.000,0.000,0.000,"",
74.369,Right,-3.795,-0.279,-1.239,0.000,1.000,0.000,0.000,0.000,0.000,0.000,0.000,0.000,0.000,"",
74.385,Right,-3.795,-0.279,-1.239,0.000,1.000,0.000,0.000,0.000,0.000,0.000,0.000,0.000,0.000,"",
74.399,Right,-3.795,-0.279,-1.239,0.000,1.000,0.000,0.000,0.000,0.000,0.000,0.000,0.000,0.000,"",
74.411,Right,-3.795,-0.279,-1.239,0.000,1.000,0.000,0.000,0.000,0.000,0.000,0.000,0.000,0.000,"",
74.427,Right,-3.795,-0.279,-1.239,0.000,1.000,0.000,0.000,0.000,0.000,0.000,0.000,0.000,0.000,"",
74.441,Right,-3.795,-0.279,-1.239,0.000,1.000,0.000,0.000,0.000,0.000,0.000,0.000,0.000,0.000,"",
74.454,Right,-3.795,-0.279,-1.239,0.000,1.000,0.000,0.000,0.000,0.000,0.000,0.000,0.000,0.000,"",
74.467,Right,-3.795,-0.279,-1.239,0.000,1.000,0.000,0.000,0.000,0.000,0.000,0.000,0.000,0.000,"",
74.483,Right,-3.795,-0.279,-1.239,0.000,1.000,0.000,0.000,0.000,0.000,0.000,0.000,0.000,0.000,"",
74.496,Right,-3.795,-0.279,-1.239,0.000,1.000,0.000,0.000,0.000,0.000,0.000,0.000,0.000,0.000,"",
74.509,Right,-3.795,-0.279,-1.239,0.000,1.000,0.000,0.000,0.000,0.000,0.000,0.000,0.000,0.000,"",
74.525,Right,-3.795,-0.279,-1.239,0.000,1.000,0.000,0.000,0.000,0.000,0.000,0.000,0.000,0.000,"",
74.539,Right,-3.795,-0.279,-1.239,0.000,1.000,0.000,0.000,0.000,0.000,0.000,0.000,0.000,0.000,"",
74.552,Right,-3.795,-0.279,-1.239,0.000,1.000,0.000,0.000,0.000,0.000,0.000,0.000,0.000,0.000,"",
74.567,Right,-3.795,-0.279,-1.239,0.000,1.000,0.000,0.000,0.000,0.000,0.000,0.000,0.000,0.000,"",
74.580,Right,-3.795,-0.279,-1.239,0.000,1.000,0.000,0.000,0.000,0.000,0.000,0.000,0.000,0.000,"",
74.595,Right,-3.795,-0.279,-1.239,0.000,1.000,0.000,0.000,0.000,0.000,0.000,0.000,0.000,0.000,"",
74.608,Right,-3.795,-0.279,-1.239,0.000,1.000,0.000,0.000,0.000,0.000,0.000,0.000,0.000,0.000,"",
74.623,Right,-3.795,-0.279,-1.239,0.000,1.000,0.000,0.000,0.000,0.000,0.000,0.000,0.000,0.000,"",
74.638,Right,-3.795,-0.279,-1.239,0.000,1.000,0.000,0.000,0.000,0.000,0.000,0.000,0.000,0.000,"",
74.651,Right,-3.795,-0.279,-1.239,0.000,1.000,0.000,0.000,0.000,0.000,0.000,0.000,0.000,0.000,"",
74.665,Right,-3.795,-0.279,-1.239,0.000,1.000,0.000,0.000,0.000,0.000,0.000,0.000,0.000,0.000,"",
74.679,Right,-3.795,-0.279,-1.239,0.000,1.000,0.000,0.000,0.000,0.000,0.000,0.000,0.000,0.000,"",
74.694,Right,-3.795,-0.279,-1.239,0.000,1.000,0.000,0.000,0.000,0.000,0.000,0.000,0.000,0.000,"",
74.721,Right,-3.795,-0.279,-1.239,0.000,1.000,0.000,0.000,0.000,0.000,0.000,0.000,0.000,0.000,"",
74.750,Right,-3.795,-0.279,-1.239,0.000,1.000,0.000,0.000,0.000,0.000,0.000,0.000,0.000,0.000,"",
74.782,Right,-3.795,-0.279,-1.239,0.000,1.000,0.000,0.000,0.000,0.000,0.000,0.000,0.000,0.000,"",
74.805,Right,-3.795,-0.279,-1.239,0.000,1.000,0.000,0.000,0.000,0.000,0.000,0.000,0.000,0.000,"",
74.835,Right,-3.795,-0.279,-1.239,0.000,1.000,0.000,0.000,0.000,0.000,0.000,0.000,0.000,0.000,"",
74.863,Right,-3.795,-0.279,-1.239,0.000,1.000,0.000,0.000,0.000,0.000,0.000,0.000,0.000,0.000,"",
74.897,Right,-3.795,-0.279,-1.239,0.000,1.000,0.000,0.000,0.000,0.000,0.000,0.000,0.000,0.000,"",
74.929,Right,-3.795,-0.279,-1.239,0.000,1.000,0.000,0.000,0.000,0.000,0.000,0.000,0.000,0.000,"",
74.951,Right,-3.795,-0.279,-1.239,0.000,1.000,0.000,0.000,0.000,0.000,0.000,0.000,0.000,0.000,"",
74.980,Right,-3.795,-0.279,-1.239,0.000,1.000,0.000,0.000,0.000,0.000,0.000,0.000,0.000,0.000,"",
75.004,Right,-3.795,-0.279,-1.239,0.000,1.000,0.000,0.000,0.000,0.000,0.000,0.000,0.000,0.000,"",
75.033,Right,-3.795,-0.279,-1.239,0.000,1.000,0.000,0.000,0.000,0.000,0.000,0.000,0.000,0.000,"",
75.061,Right,-3.795,-0.279,-1.239,0.000,1.000,0.000,0.000,0.000,0.000,0.000,0.000,0.000,0.000,"",
75.079,Right,-3.795,-0.279,-1.239,0.000,1.000,0.000,0.000,0.000,0.000,0.000,0.000,0.000,0.000,"",
75.104,Right,-3.795,-0.279,-1.239,0.000,1.000,0.000,0.000,0.000,0.000,0.000,0.000,0.000,0.000,"",
75.134,Right,-3.795,-0.279,-1.239,0.000,1.000,0.000,0.000,0.000,0.000,0.000,0.000,0.000,0.000,"",
75.161,Right,-3.795,-0.279,-1.239,0.000,1.000,0.000,0.000,0.000,0.000,0.000,0.000,0.000,0.000,"",
75.189,Right,-3.795,-0.279,-1.239,0.000,1.000,0.000,0.000,0.000,0.000,0.000,0.000,0.000,0.000,"",
75.216,Right,-3.795,-0.279,-1.239,0.000,1.000,0.000,0.000,0.000,0.000,0.000,0.000,0.000,0.000,"",
75.232,Right,-3.795,-0.279,-1.239,0.000,1.000,0.000,0.000,0.000,0.000,0.000,0.000,0.000,0.000,"",
75.258,Right,-3.795,-0.279,-1.239,0.000,1.000,0.000,0.000,0.000,0.000,0.000,0.000,0.000,0.000,"",
75.274,Right,-3.795,-0.279,-1.239,0.000,1.000,0.000,0.000,0.000,0.000,0.000,0.000,0.000,0.000,"",
75.300,Right,-3.795,-0.279,-1.239,0.000,1.000,0.000,0.000,0.000,0.000,0.000,0.000,0.000,0.000,"",
75.316,Right,-3.795,-0.279,-1.239,0.000,1.000,0.000,0.000,0.000,0.000,0.000,0.000,0.000,0.000,"",
75.341,Right,-3.795,-0.279,-1.239,0.000,1.000,0.000,0.000,0.000,0.000,0.000,0.000,0.000,0.000,"",
75.357,Right,-3.795,-0.279,-1.239,0.000,1.000,0.000,0.000,0.000,0.000,0.000,0.000,0.000,0.000,"",
75.370,Right,-3.795,-0.279,-1.239,0.000,1.000,0.000,0.000,0.000,0.000,0.000,0.000,0.000,0.000,"",
75.384,Right,-3.795,-0.279,-1.239,0.000,1.000,0.000,0.000,0.000,0.000,0.000,0.000,0.000,0.000,"",
75.399,Right,-3.795,-0.279,-1.239,0.000,1.000,0.000,0.000,0.000,0.000,0.000,0.000,0.000,0.000,"",
75.413,Right,-3.795,-0.279,-1.239,0.000,1.000,0.000,0.000,0.000,0.000,0.000,0.000,0.000,0.000,"",
75.428,Right,-3.795,-0.279,-1.239,0.000,1.000,0.000,0.000,0.000,0.000,0.000,0.000,0.000,0.000,"",
75.454,Right,-3.795,-0.279,-1.239,0.000,1.000,0.000,0.000,0.000,0.000,0.000,0.000,0.000,0.000,"",
75.475,Right,-3.795,-0.279,-1.239,0.000,1.000,0.000,0.000,0.000,0.000,0.000,0.000,0.000,0.000,"",
75.501,Right,-3.795,-0.279,-1.239,0.000,1.000,0.000,0.000,0.000,0.000,0.000,0.000,0.000,0.000,"",
75.530,Right,-3.795,-0.279,-1.239,0.000,1.000,0.000,0.000,0.000,0.000,0.000,0.000,0.000,0.000,"",
75.560,Right,-3.795,-0.279,-1.239,0.000,1.000,0.000,0.000,0.000,0.000,0.000,0.000,0.000,0.000,"",
75.581,Right,-3.795,-0.279,-1.239,0.000,1.000,0.000,0.000,0.000,0.000,0.000,0.000,0.000,0.000,"",
75.610,Right,-3.795,-0.279,-1.239,0.000,1.000,0.000,0.000,0.000,0.000,0.000,0.000,0.000,0.000,"",
75.637,Right,-3.795,-0.279,-1.239,0.000,1.000,0.000,0.000,0.000,0.000,0.000,0.000,0.000,0.000,"",
75.664,Right,-3.795,-0.279,-1.239,0.000,1.000,0.000,0.000,0.000,0.000,0.000,0.000,0.000,0.000,"",
75.691,Right,-3.795,-0.279,-1.239,0.000,1.000,0.000,0.000,0.000,0.000,0.000,0.000,0.000,0.000,"",
75.719,Right,-3.795,-0.279,-1.239,0.000,1.000,0.000,0.000,0.000,0.000,0.000,0.000,0.000,0.000,"",
75.747,Right,-3.795,-0.279,-1.239,0.000,1.000,0.000,0.000,0.000,0.000,0.000,0.000,0.000,0.000,"",
75.779,Right,-3.795,-0.279,-1.239,0.000,1.000,0.000,0.000,0.000,0.000,0.000,0.000,0.000,0.000,"",
75.802,Right,-3.795,-0.279,-1.239,0.000,1.000,0.000,0.000,0.000,0.000,0.000,0.000,0.000,0.000,"",
75.829,Right,-3.795,-0.279,-1.239,0.000,1.000,0.000,0.000,0.000,0.000,0.000,0.000,0.000,0.000,"",
75.856,Right,-3.795,-0.279,-1.239,0.000,1.000,0.000,0.000,0.000,0.000,0.000,0.000,0.000,0.000,"",
75.884,Right,-3.795,-0.279,-1.239,0.000,1.000,0.000,0.000,0.000,0.000,0.000,0.000,0.000,0.000,"",
75.913,Right,-3.795,-0.279,-1.239,0.000,1.000,0.000,0.000,0.000,0.000,0.000,0.000,0.000,0.000,"",
75.940,Right,-3.795,-0.279,-1.239,0.000,1.000,0.000,0.000,0.000,0.000,0.000,0.000,0.000,0.000,"",
75.967,Right,-3.795,-0.279,-1.239,0.000,1.000,0.000,0.000,0.000,0.000,0.000,0.000,0.000,0.000,"",
75.997,Right,-3.795,-0.279,-1.239,0.000,1.000,0.000,0.000,0.000,0.000,0.000,0.000,0.000,0.000,"",
76.021,Right,-3.795,-0.279,-1.239,0.000,1.000,0.000,0.000,0.000,0.000,0.000,0.000,0.000,0.000,"",
76.038,Right,-3.795,-0.279,-1.239,0.000,1.000,0.000,0.000,0.000,0.000,0.000,0.000,0.000,0.000,"",
76.062,Right,-3.795,-0.279,-1.239,0.000,1.000,0.000,0.000,0.000,0.000,0.000,0.000,0.000,0.000,"",
76.080,Right,-3.795,-0.279,-1.239,0.000,1.000,0.000,0.000,0.000,0.000,0.000,0.000,0.000,0.000,"",
76.107,Right,-3.795,-0.279,-1.239,0.000,1.000,0.000,0.000,0.000,0.000,0.000,0.000,0.000,0.000,"",
76.126,Right,-3.795,-0.279,-1.239,0.000,1.000,0.000,0.000,0.000,0.000,0.000,0.000,0.000,0.000,"",
76.150,Right,-3.795,-0.279,-1.239,0.000,1.000,0.000,0.000,0.000,0.000,0.000,0.000,0.000,0.000,"",
76.177,Right,-3.795,-0.279,-1.239,0.000,1.000,0.000,0.000,0.000,0.000,0.000,0.000,0.000,0.000,"",
76.195,Right,-3.795,-0.279,-1.239,0.000,1.000,0.000,0.000,0.000,0.000,0.000,0.000,0.000,0.000,"",
76.219,Right,-3.795,-0.279,-1.239,0.000,1.000,0.000,0.000,0.000,0.000,0.000,0.000,0.000,0.000,"",
76.246,Right,-3.795,-0.279,-1.239,0.000,1.000,0.000,0.000,0.000,0.000,0.000,0.000,0.000,0.000,"",
76.263,Right,-3.795,-0.279,-1.239,0.000,1.000,0.000,0.000,0.000,0.000,0.000,0.000,0.000,0.000,"",
76.287,Right,-3.795,-0.279,-1.239,0.000,1.000,0.000,0.000,0.000,0.000,0.000,0.000,0.000,0.000,"",
76.302,Right,-3.795,-0.279,-1.239,0.000,1.000,0.000,0.000,0.000,0.000,0.000,0.000,0.000,0.000,"",
76.318,Right,-3.795,-0.279,-1.239,0.000,1.000,0.000,0.000,0.000,0.000,0.000,0.000,0.000,0.000,"",
76.342,Right,-3.795,-0.279,-1.239,0.000,1.000,0.000,0.000,0.000,0.000,0.000,0.000,0.000,0.000,"",
76.358,Right,-3.795,-0.279,-1.239,0.000,1.000,0.000,0.000,0.000,0.000,0.000,0.000,0.000,0.000,"",
76.372,Right,-3.795,-0.279,-1.239,0.000,1.000,0.000,0.000,0.000,0.000,0.000,0.000,0.000,0.000,"",
76.387,Right,-3.795,-0.279,-1.239,0.000,1.000,0.000,0.000,0.000,0.000,0.000,0.000,0.000,0.000,"",
76.403,Right,-3.795,-0.279,-1.239,0.000,1.000,0.000,0.000,0.000,0.000,0.000,0.000,0.000,0.000,"",
76.429,Right,-3.795,-0.279,-1.239,0.000,1.000,0.000,0.000,0.000,0.000,0.000,0.000,0.000,0.000,"",
76.445,Right,-3.795,-0.279,-1.239,0.000,1.000,0.000,0.000,0.000,0.000,0.000,0.000,0.000,0.000,"",
76.470,Right,-3.795,-0.279,-1.239,0.000,1.000,0.000,0.000,0.000,0.000,0.000,0.000,0.000,0.000,"",
76.485,Right,-3.795,-0.279,-1.239,0.000,1.000,0.000,0.000,0.000,0.000,0.000,0.000,0.000,0.000,"",
76.500,Right,-3.795,-0.279,-1.239,0.000,1.000,0.000,0.000,0.000,0.000,0.000,0.000,0.000,0.000,"",
76.524,Right,-3.795,-0.279,-1.239,0.000,1.000,0.000,0.000,0.000,0.000,0.000,0.000,0.000,0.000,"",
76.541,Right,-3.795,-0.279,-1.239,0.000,1.000,0.000,0.000,0.000,0.000,0.000,0.000,0.000,0.000,"",
76.556,Right,-3.795,-0.279,-1.239,0.000,1.000,0.000,0.000,0.000,0.000,0.000,0.000,0.000,0.000,"",
76.581,Right,-3.795,-0.279,-1.239,0.000,1.000,0.000,0.000,0.000,0.000,0.000,0.000,0.000,0.000,"",
76.594,Right,-3.795,-0.279,-1.239,0.000,1.000,0.000,0.000,0.000,0.000,0.000,0.000,0.000,0.000,"",
76.606,Right,-3.795,-0.279,-1.239,0.000,1.000,0.000,0.000,0.000,0.000,0.000,0.000,0.000,0.000,"",
76.623,Right,-3.795,-0.279,-1.239,0.000,1.000,0.000,0.000,0.000,0.000,0.000,0.000,0.000,0.000,"",
76.640,Right,-3.795,-0.279,-1.239,0.000,1.000,0.000,0.000,0.000,0.000,0.000,0.000,0.000,0.000,"",
76.664,Right,-3.795,-0.279,-1.239,0.000,1.000,0.000,0.000,0.000,0.000,0.000,0.000,0.000,0.000,"",
76.678,Right,-3.795,-0.279,-1.239,0.000,1.000,0.000,0.000,0.000,0.000,0.000,0.000,0.000,0.000,"",
76.690,Right,-3.795,-0.279,-1.239,0.000,1.000,0.000,0.000,0.000,0.000,0.000,0.000,0.000,0.000,"",
76.705,Right,-3.795,-0.279,-1.239,0.000,1.000,0.000,0.000,0.000,0.000,0.000,0.000,0.000,0.000,"",
76.720,Right,-3.795,-0.279,-1.239,0.000,1.000,0.000,0.000,0.000,0.000,0.000,0.000,0.000,0.000,"",
76.735,Right,-3.795,-0.279,-1.239,0.000,1.000,0.000,0.000,0.000,0.000,0.000,0.000,0.000,0.000,"",
76.746,Right,-3.795,-0.279,-1.239,0.000,1.000,0.000,0.000,0.000,0.000,0.000,0.000,0.000,0.000,"",
76.762,Right,-3.795,-0.279,-1.239,0.000,1.000,0.000,0.000,0.000,0.000,0.000,0.000,0.000,0.000,"",
76.776,Right,-3.795,-0.279,-1.239,0.000,1.000,0.000,0.000,0.000,0.000,0.000,0.000,0.000,0.000,"",
76.789,Right,-3.795,-0.279,-1.239,0.000,1.000,0.000,0.000,0.000,0.000,0.000,0.000,0.000,0.000,"",
76.804,Right,-3.795,-0.279,-1.239,0.000,1.000,0.000,0.000,0.000,0.000,0.000,0.000,0.000,0.000,"",
76.818,Right,-3.795,-0.279,-1.239,0.000,1.000,0.000,0.000,0.000,0.000,0.000,0.000,0.000,0.000,"",
76.831,Right,-3.795,-0.279,-1.239,0.000,1.000,0.000,0.000,0.000,0.000,0.000,0.000,0.000,0.000,"",
76.846,Right,-3.795,-0.279,-1.239,0.000,1.000,0.000,0.000,0.000,0.000,0.000,0.000,0.000,0.000,"",
76.861,Right,-3.795,-0.279,-1.239,0.000,1.000,0.000,0.000,0.000,0.000,0.000,0.000,0.000,0.000,"",
76.875,Right,-3.795,-0.279,-1.239,0.000,1.000,0.000,0.000,0.000,0.000,0.000,0.000,0.000,0.000,"",
76.888,Right,-3.795,-0.279,-1.239,0.000,1.000,0.000,0.000,0.000,0.000,0.000,0.000,0.000,0.000,"",
76.902,Right,-3.795,-0.279,-1.239,0.000,1.000,0.000,0.000,0.000,0.000,0.000,0.000,0.000,0.000,"",
76.917,Right,-3.795,-0.279,-1.239,0.000,1.000,0.000,0.000,0.000,0.000,0.000,0.000,0.000,0.000,"",
76.930,Right,-3.795,-0.279,-1.239,0.000,1.000,0.000,0.000,0.000,0.000,0.000,0.000,0.000,0.000,"",
76.947,Right,-3.795,-0.279,-1.239,0.000,1.000,0.000,0.000,0.000,0.000,0.000,0.000,0.000,0.000,"",
76.962,Right,-3.795,-0.279,-1.239,0.000,1.000,0.000,0.000,0.000,0.000,0.000,0.000,0.000,0.000,"",
76.989,Right,-3.795,-0.279,-1.239,0.000,1.000,0.000,0.000,0.000,0.000,0.000,0.000,0.000,0.000,"",
77.006,Right,-3.795,-0.279,-1.239,0.000,1.000,0.000,0.000,0.000,0.000,0.000,0.000,0.000,0.000,"",
77.031,Right,-3.795,-0.279,-1.239,0.000,1.000,0.000,0.000,0.000,0.000,0.000,0.000,0.000,0.000,"",
77.056,Right,-3.795,-0.279,-1.239,0.000,1.000,0.000,0.000,0.000,0.000,0.000,0.000,0.000,0.000,"",
77.072,Right,-3.795,-0.279,-1.239,0.000,1.000,0.000,0.000,0.000,0.000,0.000,0.000,0.000,0.000,"",
77.098,Right,-3.795,-0.279,-1.239,0.000,1.000,0.000,0.000,0.000,0.000,0.000,0.000,0.000,0.000,"",
77.125,Right,-3.795,-0.279,-1.239,0.000,1.000,0.000,0.000,0.000,0.000,0.000,0.000,0.000,0.000,"",
77.139,Right,-3.795,-0.279,-1.239,0.000,1.000,0.000,0.000,0.000,0.000,0.000,0.000,0.000,0.000,"",
77.153,Right,-3.795,-0.279,-1.239,0.000,1.000,0.000,0.000,0.000,0.000,0.000,0.000,0.000,0.000,"",
77.167,Right,-3.795,-0.279,-1.239,0.000,1.000,0.000,0.000,0.000,0.000,0.000,0.000,0.000,0.000,"",
77.181,Right,-3.795,-0.279,-1.239,0.000,1.000,0.000,0.000,0.000,0.000,0.000,0.000,0.000,0.000,"",
77.193,Right,-3.795,-0.279,-1.239,0.000,1.000,0.000,0.000,0.000,0.000,0.000,0.000,0.000,0.000,"",
77.207,Right,-3.795,-0.279,-1.239,0.000,1.000,0.000,0.000,0.000,0.000,0.000,0.000,0.000,0.000,"",
77.219,Right,-3.795,-0.279,-1.239,0.000,1.000,0.000,0.000,0.000,0.000,0.000,0.000,0.000,0.000,"",
77.232,Right,-3.795,-0.279,-1.239,0.000,1.000,0.000,0.000,0.000,0.000,0.000,0.000,0.000,0.000,"",
77.247,Right,-3.795,-0.279,-1.239,0.000,1.000,0.000,0.000,0.000,0.000,0.000,0.000,0.000,0.000,"",
77.264,Right,-3.795,-0.279,-1.239,0.000,1.000,0.000,0.000,0.000,0.000,0.000,0.000,0.000,0.000,"",
77.277,Right,-3.795,-0.279,-1.239,0.000,1.000,0.000,0.000,0.000,0.000,0.000,0.000,0.000,0.000,"",
77.289,Right,-3.795,-0.279,-1.239,0.000,1.000,0.000,0.000,0.000,0.000,0.000,0.000,0.000,0.000,"",
77.304,Right,-3.795,-0.279,-1.239,0.000,1.000,0.000,0.000,0.000,0.000,0.000,0.000,0.000,0.000,"",
77.318,Right,-3.795,-0.279,-1.239,0.000,1.000,0.000,0.000,0.000,0.000,0.000,0.000,0.000,0.000,"",
77.333,Right,-3.795,-0.279,-1.239,0.000,1.000,0.000,0.000,0.000,0.000,0.000,0.000,0.000,0.000,"",
77.348,Right,-3.795,-0.279,-1.239,0.000,1.000,0.000,0.000,0.000,0.000,0.000,0.000,0.000,0.000,"",
77.363,Right,-3.795,-0.279,-1.239,0.000,1.000,0.000,0.000,0.000,0.000,0.000,0.000,0.000,0.000,"",
77.377,Right,-3.795,-0.279,-1.239,0.000,1.000,0.000,0.000,0.000,0.000,0.000,0.000,0.000,0.000,"",
77.389,Right,-3.795,-0.279,-1.239,0.000,1.000,0.000,0.000,0.000,0.000,0.000,0.000,0.000,0.000,"",
77.404,Right,-3.795,-0.279,-1.239,0.000,1.000,0.000,0.000,0.000,0.000,0.000,0.000,0.000,0.000,"",
77.417,Right,-3.795,-0.279,-1.239,0.000,1.000,0.000,0.000,0.000,0.000,0.000,0.000,0.000,0.000,"",
77.429,Right,-3.795,-0.279,-1.239,0.000,1.000,0.000,0.000,0.000,0.000,0.000,0.000,0.000,0.000,"",
77.445,Right,-3.795,-0.279,-1.239,0.000,1.000,0.000,0.000,0.000,0.000,0.000,0.000,0.000,0.000,"",
77.459,Right,-3.795,-0.279,-1.239,0.000,1.000,0.000,0.000,0.000,0.000,0.000,0.000,0.000,0.000,"",
77.472,Right,-3.795,-0.279,-1.239,0.000,1.000,0.000,0.000,0.000,0.000,0.000,0.000,0.000,0.000,"",
77.487,Right,-3.795,-0.279,-1.239,0.000,1.000,0.000,0.000,0.000,0.000,0.000,0.000,0.000,0.000,"",
77.501,Right,-3.795,-0.279,-1.239,0.000,1.000,0.000,0.000,0.000,0.000,0.000,0.000,0.000,0.000,"",
77.516,Right,-3.795,-0.279,-1.239,0.000,1.000,0.000,0.000,0.000,0.000,0.000,0.000,0.000,0.000,"",
77.529,Right,-3.795,-0.279,-1.239,0.000,1.000,0.000,0.000,0.000,0.000,0.000,0.000,0.000,0.000,"",
77.542,Right,-3.795,-0.279,-1.239,0.000,1.000,0.000,0.000,0.000,0.000,0.000,0.000,0.000,0.000,"",
77.557,Right,-3.795,-0.279,-1.239,0.000,1.000,0.000,0.000,0.000,0.000,0.000,0.000,0.000,0.000,"",
77.570,Right,-3.795,-0.279,-1.239,0.000,1.000,0.000,0.000,0.000,0.000,0.000,0.000,0.000,0.000,"",
77.584,Right,-3.795,-0.279,-1.239,0.000,1.000,0.000,0.000,0.000,0.000,0.000,0.000,0.000,0.000,"",
77.598,Right,-3.795,-0.279,-1.239,0.000,1.000,0.000,0.000,0.000,0.000,0.000,0.000,0.000,0.000,"",
77.611,Right,-3.795,-0.279,-1.239,0.000,1.000,0.000,0.000,0.000,0.000,0.000,0.000,0.000,0.000,"",
77.626,Right,-3.795,-0.279,-1.239,0.000,1.000,0.000,0.000,0.000,0.000,0.000,0.000,0.000,0.000,"",
77.640,Right,-3.795,-0.279,-1.239,0.000,1.000,0.000,0.000,0.000,0.000,0.000,0.000,0.000,0.000,"",
77.654,Right,-3.795,-0.279,-1.239,0.000,1.000,0.000,0.000,0.000,0.000,0.000,0.000,0.000,0.000,"",
77.667,Right,-3.795,-0.279,-1.239,0.000,1.000,0.000,0.000,0.000,0.000,0.000,0.000,0.000,0.000,"",
77.682,Right,-3.795,-0.279,-1.239,0.000,1.000,0.000,0.000,0.000,0.000,0.000,0.000,0.000,0.000,"",
77.697,Right,-3.795,-0.279,-1.239,0.000,1.000,0.000,0.000,0.000,0.000,0.000,0.000,0.000,0.000,"",
77.711,Right,-3.795,-0.279,-1.239,0.000,1.000,0.000,0.000,0.000,0.000,0.000,0.000,0.000,0.000,"",
77.726,Right,-3.795,-0.279,-1.239,0.000,1.000,0.000,0.000,0.000,0.000,0.000,0.000,0.000,0.000,"",
77.739,Right,-3.795,-0.279,-1.239,0.000,1.000,0.000,0.000,0.000,0.000,0.000,0.000,0.000,0.000,"",
77.752,Right,-3.795,-0.279,-1.239,0.000,1.000,0.000,0.000,0.000,0.000,0.000,0.000,0.000,0.000,"",
77.767,Right,-3.795,-0.279,-1.239,0.000,1.000,0.000,0.000,0.000,0.000,0.000,0.000,0.000,0.000,"",
77.782,Right,-3.795,-0.279,-1.239,0.000,1.000,0.000,0.000,0.000,0.000,0.000,0.000,0.000,0.000,"",
77.796,Right,-3.795,-0.279,-1.239,0.000,1.000,0.000,0.000,0.000,0.000,0.000,0.000,0.000,0.000,"",
77.809,Right,-3.795,-0.279,-1.239,0.000,1.000,0.000,0.000,0.000,0.000,0.000,0.000,0.000,0.000,"",
77.823,Right,-3.795,-0.279,-1.239,0.000,1.000,0.000,0.000,0.000,0.000,0.000,0.000,0.000,0.000,"",
77.838,Right,-3.795,-0.279,-1.239,0.000,1.000,0.000,0.000,0.000,0.000,0.000,0.000,0.000,0.000,"",
77.852,Right,-3.795,-0.279,-1.239,0.000,1.000,0.000,0.000,0.000,0.000,0.000,0.000,0.000,0.000,"",
77.866,Right,-3.795,-0.279,-1.239,0.000,1.000,0.000,0.000,0.000,0.000,0.000,0.000,0.000,0.000,"",
77.880,Right,-3.795,-0.279,-1.239,0.000,1.000,0.000,0.000,0.000,0.000,0.000,0.000,0.000,0.000,"",
77.895,Right,-3.795,-0.279,-1.239,0.000,1.000,0.000,0.000,0.000,0.000,0.000,0.000,0.000,0.000,"",
77.920,Right,-3.795,-0.279,-1.239,0.000,1.000,0.000,0.000,0.000,0.000,0.000,0.000,0.000,0.000,"",
77.934,Right,-3.795,-0.279,-1.239,0.000,1.000,0.000,0.000,0.000,0.000,0.000,0.000,0.000,0.000,"",
77.948,Right,-3.795,-0.279,-1.239,0.000,1.000,0.000,0.000,0.000,0.000,0.000,0.000,0.000,0.000,"",
77.963,Right,-3.795,-0.279,-1.239,0.000,1.000,0.000,0.000,0.000,0.000,0.000,0.000,0.000,0.000,"",
77.978,Right,-3.795,-0.279,-1.239,0.000,1.000,0.000,0.000,0.000,0.000,0.000,0.000,0.000,0.000,"",
78.002,Right,-3.795,-0.279,-1.239,0.000,1.000,0.000,0.000,0.000,0.000,0.000,0.000,0.000,0.000,"",
78.021,Right,-3.795,-0.279,-1.239,0.000,1.000,0.000,0.000,0.000,0.000,0.000,0.000,0.000,0.000,"",
78.044,Right,-3.795,-0.279,-1.239,0.000,1.000,0.000,0.000,0.000,0.000,0.000,0.000,0.000,0.000,"",
78.058,Right,-3.795,-0.279,-1.239,0.000,1.000,0.000,0.000,0.000,0.000,0.000,0.000,0.000,0.000,"",
78.072,Right,-3.795,-0.279,-1.239,0.000,1.000,0.000,0.000,0.000,0.000,0.000,0.000,0.000,0.000,"",
78.086,Right,-3.795,-0.279,-1.239,0.000,1.000,0.000,0.000,0.000,0.000,0.000,0.000,0.000,0.000,"",
78.100,Right,-3.795,-0.279,-1.239,0.000,1.000,0.000,0.000,0.000,0.000,0.000,0.000,0.000,0.000,"",
78.115,Right,-3.795,-0.279,-1.239,0.000,1.000,0.000,0.000,0.000,0.000,0.000,0.000,0.000,0.000,"",
78.128,Right,-3.795,-0.279,-1.239,0.000,1.000,0.000,0.000,0.000,0.000,0.000,0.000,0.000,0.000,"",
78.143,Right,-3.795,-0.279,-1.239,0.000,1.000,0.000,0.000,0.000,0.000,0.000,0.000,0.000,0.000,"",
78.157,Right,-3.795,-0.279,-1.239,0.000,1.000,0.000,0.000,0.000,0.000,0.000,0.000,0.000,0.000,"",
78.171,Right,-3.795,-0.279,-1.239,0.000,1.000,0.000,0.000,0.000,0.000,0.000,0.000,0.000,0.000,"",
78.185,Right,-3.795,-0.279,-1.239,0.000,1.000,0.000,0.000,0.000,0.000,0.000,0.000,0.000,0.000,"",
78.199,Right,-3.795,-0.279,-1.239,0.000,1.000,0.000,0.000,0.000,0.000,0.000,0.000,0.000,0.000,"",
78.223,Right,-3.795,-0.279,-1.239,0.000,1.000,0.000,0.000,0.000,0.000,0.000,0.000,0.000,0.000,"",
78.239,Right,-3.795,-0.279,-1.239,0.000,1.000,0.000,0.000,0.000,0.000,0.000,0.000,0.000,0.000,"",
78.252,Right,-3.795,-0.279,-1.239,0.000,1.000,0.000,0.000,0.000,0.000,0.000,0.000,0.000,0.000,"",
78.267,Right,-3.795,-0.279,-1.239,0.000,1.000,0.000,0.000,0.000,0.000,0.000,0.000,0.000,0.000,"",
78.282,Right,-3.795,-0.279,-1.239,0.000,1.000,0.000,0.000,0.000,0.000,0.000,0.000,0.000,0.000,"",
78.296,Right,-3.795,-0.279,-1.239,0.000,1.000,0.000,0.000,0.000,0.000,0.000,0.000,0.000,0.000,"",
78.309,Right,-3.795,-0.279,-1.239,0.000,1.000,0.000,0.000,0.000,0.000,0.000,0.000,0.000,0.000,"",
78.323,Right,-3.795,-0.279,-1.239,0.000,1.000,0.000,0.000,0.000,0.000,0.000,0.000,0.000,0.000,"",
78.337,Right,-3.795,-0.279,-1.239,0.000,1.000,0.000,0.000,0.000,0.000,0.000,0.000,0.000,0.000,"",
78.351,Right,-3.795,-0.279,-1.239,0.000,1.000,0.000,0.000,0.000,0.000,0.000,0.000,0.000,0.000,"",
78.366,Right,-3.795,-0.279,-1.239,0.000,1.000,0.000,0.000,0.000,0.000,0.000,0.000,0.000,0.000,"",
78.381,Right,-3.795,-0.279,-1.239,0.000,1.000,0.000,0.000,0.000,0.000,0.000,0.000,0.000,0.000,"",
78.394,Right,-3.795,-0.279,-1.239,0.000,1.000,0.000,0.000,0.000,0.000,0.000,0.000,0.000,0.000,"",
78.419,Right,-3.795,-0.279,-1.239,0.000,1.000,0.000,0.000,0.000,0.000,0.000,0.000,0.000,0.000,"",
78.434,Right,-3.795,-0.279,-1.239,0.000,1.000,0.000,0.000,0.000,0.000,0.000,0.000,0.000,0.000,"",
78.448,Right,-3.795,-0.279,-1.239,0.000,1.000,0.000,0.000,0.000,0.000,0.000,0.000,0.000,0.000,"",
78.463,Right,-3.795,-0.279,-1.239,0.000,1.000,0.000,0.000,0.000,0.000,0.000,0.000,0.000,0.000,"",
78.478,Right,-3.795,-0.279,-1.239,0.000,1.000,0.000,0.000,0.000,0.000,0.000,0.000,0.000,0.000,"",
78.491,Right,-3.795,-0.279,-1.239,0.000,1.000,0.000,0.000,0.000,0.000,0.000,0.000,0.000,0.000,"",
78.507,Right,-3.795,-0.279,-1.239,0.000,1.000,0.000,0.000,0.000,0.000,0.000,0.000,0.000,0.000,"",
78.532,Right,-3.795,-0.279,-1.239,0.000,1.000,0.000,0.000,0.000,0.000,0.000,0.000,0.000,0.000,"",
78.547,Right,-3.795,-0.279,-1.239,0.000,1.000,0.000,0.000,0.000,0.000,0.000,0.000,0.000,0.000,"",
78.561,Right,-3.795,-0.279,-1.239,0.000,1.000,0.000,0.000,0.000,0.000,0.000,0.000,0.000,0.000,"",
78.576,Right,-3.795,-0.279,-1.239,0.000,1.000,0.000,0.000,0.000,0.000,0.000,0.000,0.000,0.000,"",
78.600,Right,-3.795,-0.279,-1.239,0.000,1.000,0.000,0.000,0.000,0.000,0.000,0.000,0.000,0.000,"",
78.614,Right,-3.795,-0.279,-1.239,0.000,1.000,0.000,0.000,0.000,0.000,0.000,0.000,0.000,0.000,"",
78.629,Right,-3.795,-0.279,-1.239,0.000,1.000,0.000,0.000,0.000,0.000,0.000,0.000,0.000,0.000,"",
78.643,Right,-3.795,-0.279,-1.239,0.000,1.000,0.000,0.000,0.000,0.000,0.000,0.000,0.000,0.000,"",
78.657,Right,-3.795,-0.279,-1.239,0.000,1.000,0.000,0.000,0.000,0.000,0.000,0.000,0.000,0.000,"",
78.671,Right,-3.795,-0.279,-1.239,0.000,1.000,0.000,0.000,0.000,0.000,0.000,0.000,0.000,0.000,"",
78.685,Right,-3.795,-0.279,-1.239,0.000,1.000,0.000,0.000,0.000,0.000,0.000,0.000,0.000,0.000,"",
78.700,Right,-3.795,-0.279,-1.239,0.000,1.000,0.000,0.000,0.000,0.000,0.000,0.000,0.000,0.000,"",
78.713,Right,-3.795,-0.279,-1.239,0.000,1.000,0.000,0.000,0.000,0.000,0.000,0.000,0.000,0.000,"",
78.729,Right,-3.795,-0.279,-1.239,0.000,1.000,0.000,0.000,0.000,0.000,0.000,0.000,0.000,0.000,"",
78.744,Right,-3.795,-0.279,-1.239,0.000,1.000,0.000,0.000,0.000,0.000,0.000,0.000,0.000,0.000,"",
78.769,Right,-3.795,-0.279,-1.239,0.000,1.000,0.000,0.000,0.000,0.000,0.000,0.000,0.000,0.000,"",
78.784,Right,-3.795,-0.279,-1.239,0.000,1.000,0.000,0.000,0.000,0.000,0.000,0.000,0.000,0.000,"",
78.798,Right,-3.795,-0.279,-1.239,0.000,1.000,0.000,0.000,0.000,0.000,0.000,0.000,0.000,0.000,"",
78.811,Right,-3.795,-0.279,-1.239,0.000,1.000,0.000,0.000,0.000,0.000,0.000,0.000,0.000,0.000,"",
78.825,Right,-3.795,-0.279,-1.239,0.000,1.000,0.000,0.000,0.000,0.000,0.000,0.000,0.000,0.000,"",
78.840,Right,-3.795,-0.279,-1.239,0.000,1.000,0.000,0.000,0.000,0.000,0.000,0.000,0.000,0.000,"",
78.852,Right,-3.795,-0.279,-1.239,0.000,1.000,0.000,0.000,0.000,0.000,0.000,0.000,0.000,0.000,"",
78.866,Right,-3.795,-0.279,-1.239,0.000,1.000,0.000,0.000,0.000,0.000,0.000,0.000,0.000,0.000,"",
78.880,Right,-3.795,-0.279,-1.239,0.000,1.000,0.000,0.000,0.000,0.000,0.000,0.000,0.000,0.000,"",
78.895,Right,-3.795,-0.279,-1.239,0.000,1.000,0.000,0.000,0.000,0.000,0.000,0.000,0.000,0.000,"",
78.908,Right,-3.795,-0.279,-1.239,0.000,1.000,0.000,0.000,0.000,0.000,0.000,0.000,0.000,0.000,"",
78.922,Right,-3.795,-0.279,-1.239,0.000,1.000,0.000,0.000,0.000,0.000,0.000,0.000,0.000,0.000,"",
78.940,Right,-3.795,-0.279,-1.239,0.000,1.000,0.000,0.000,0.000,0.000,0.000,0.000,0.000,0.000,"",
78.963,Right,-3.795,-0.279,-1.239,0.000,1.000,0.000,0.000,0.000,0.000,0.000,0.000,0.000,0.000,"",
78.982,Right,-3.795,-0.279,-1.239,0.000,1.000,0.000,0.000,0.000,0.000,0.000,0.000,0.000,0.000,"",
79.006,Right,-3.795,-0.279,-1.239,0.000,1.000,0.000,0.000,0.000,0.000,0.000,0.000,0.000,0.000,"",
79.021,Right,-3.795,-0.279,-1.239,0.000,1.000,0.000,0.000,0.000,0.000,0.000,0.000,0.000,0.000,"",
79.035,Right,-3.795,-0.279,-1.239,0.000,1.000,0.000,0.000,0.000,0.000,0.000,0.000,0.000,0.000,"",
79.059,Right,-3.795,-0.279,-1.239,0.000,1.000,0.000,0.000,0.000,0.000,0.000,0.000,0.000,0.000,"",
79.074,Right,-3.795,-0.279,-1.239,0.000,1.000,0.000,0.000,0.000,0.000,0.000,0.000,0.000,0.000,"",
79.088,Right,-3.795,-0.279,-1.239,0.000,1.000,0.000,0.000,0.000,0.000,0.000,0.000,0.000,0.000,"",
79.102,Right,-3.795,-0.279,-1.239,0.000,1.000,0.000,0.000,0.000,0.000,0.000,0.000,0.000,0.000,"",
79.117,Right,-3.795,-0.279,-1.239,0.000,1.000,0.000,0.000,0.000,0.000,0.000,0.000,0.000,0.000,"",
79.130,Right,-3.795,-0.279,-1.239,0.000,1.000,0.000,0.000,0.000,0.000,0.000,0.000,0.000,0.000,"",
79.144,Right,-3.795,-0.279,-1.239,0.000,1.000,0.000,0.000,0.000,0.000,0.000,0.000,0.000,0.000,"",
79.159,Right,-3.795,-0.279,-1.239,0.000,1.000,0.000,0.000,0.000,0.000,0.000,0.000,0.000,0.000,"",
79.172,Right,-3.795,-0.279,-1.239,0.000,1.000,0.000,0.000,0.000,0.000,0.000,0.000,0.000,0.000,"",
79.187,Right,-3.795,-0.279,-1.239,0.000,1.000,0.000,0.000,0.000,0.000,0.000,0.000,0.000,0.000,"",
79.201,Right,-3.795,-0.279,-1.239,0.000,1.000,0.000,0.000,0.000,0.000,0.000,0.000,0.000,0.000,"",
79.215,Right,-3.795,-0.279,-1.239,0.000,1.000,0.000,0.000,0.000,0.000,0.000,0.000,0.000,0.000,"",
79.228,Right,-3.795,-0.279,-1.239,0.000,1.000,0.000,0.000,0.000,0.000,0.000,0.000,0.000,0.000,"",
79.243,Right,-3.795,-0.279,-1.239,0.000,1.000,0.000,0.000,0.000,0.000,0.000,0.000,0.000,0.000,"",
79.257,Right,-3.795,-0.279,-1.239,0.000,1.000,0.000,0.000,0.000,0.000,0.000,0.000,0.000,0.000,"",
79.271,Right,-3.795,-0.279,-1.239,0.000,1.000,0.000,0.000,0.000,0.000,0.000,0.000,0.000,0.000,"",
79.286,Right,-3.795,-0.279,-1.239,0.000,1.000,0.000,0.000,0.000,0.000,0.000,0.000,0.000,0.000,"",
79.301,Right,-3.795,-0.279,-1.239,0.000,1.000,0.000,0.000,0.000,0.000,0.000,0.000,0.000,0.000,"",
79.327,Right,-3.795,-0.279,-1.239,0.000,1.000,0.000,0.000,0.000,0.000,0.000,0.000,0.000,0.000,"",
79.342,Right,-3.795,-0.279,-1.239,0.000,1.000,0.000,0.000,0.000,0.000,0.000,0.000,0.000,0.000,"",
79.368,Right,-3.795,-0.279,-1.239,0.000,1.000,0.000,0.000,0.000,0.000,0.000,0.000,0.000,0.000,"",
79.382,Right,-3.795,-0.279,-1.239,0.000,1.000,0.000,0.000,0.000,0.000,0.000,0.000,0.000,0.000,"",
79.397,Right,-3.795,-0.279,-1.239,0.000,1.000,0.000,0.000,0.000,0.000,0.000,0.000,0.000,0.000,"",
79.410,Right,-3.795,-0.279,-1.239,0.000,1.000,0.000,0.000,0.000,0.000,0.000,0.000,0.000,0.000,"",
79.425,Right,-3.795,-0.279,-1.239,0.000,1.000,0.000,0.000,0.000,0.000,0.000,0.000,0.000,0.000,"",
79.440,Right,-3.795,-0.279,-1.239,0.000,1.000,0.000,0.000,0.000,0.000,0.000,0.000,0.000,0.000,"",
79.465,Right,-3.795,-0.279,-1.239,0.000,1.000,0.000,0.000,0.000,0.000,0.000,0.000,0.000,0.000,"",
79.480,Right,-3.795,-0.279,-1.239,0.000,1.000,0.000,0.000,0.000,0.000,0.000,0.000,0.000,0.000,"",
79.507,Right,-3.795,-0.279,-1.239,0.000,1.000,0.000,0.000,0.000,0.000,0.000,0.000,0.000,0.000,"",
79.522,Right,-3.795,-0.279,-1.239,0.000,1.000,0.000,0.000,0.000,0.000,0.000,0.000,0.000,0.000,"",
79.537,Right,-3.795,-0.279,-1.239,0.000,1.000,0.000,0.000,0.000,0.000,0.000,0.000,0.000,0.000,"",
79.562,Right,-3.795,-0.279,-1.239,0.000,1.000,0.000,0.000,0.000,0.000,0.000,0.000,0.000,0.000,"",
79.578,Right,-3.795,-0.279,-1.239,0.000,1.000,0.000,0.000,0.000,0.000,0.000,0.000,0.000,0.000,"",
79.591,Right,-3.795,-0.279,-1.239,0.000,1.000,0.000,0.000,0.000,0.000,0.000,0.000,0.000,0.000,"",
79.606,Right,-3.795,-0.279,-1.239,0.000,1.000,0.000,0.000,0.000,0.000,0.000,0.000,0.000,0.000,"",
79.632,Right,-3.795,-0.279,-1.239,0.000,1.000,0.000,0.000,0.000,0.000,0.000,0.000,0.000,0.000,"",
79.650,Right,-3.795,-0.279,-1.239,0.000,1.000,0.000,0.000,0.000,0.000,0.000,0.000,0.000,0.000,"",
79.678,Right,-3.795,-0.279,-1.239,0.000,1.000,0.000,0.000,0.000,0.000,0.000,0.000,0.000,0.000,"",
79.701,Right,-3.795,-0.279,-1.239,0.000,1.000,0.000,0.000,0.000,0.000,0.000,0.000,0.000,0.000,"",
79.717,Right,-3.795,-0.279,-1.239,0.000,1.000,0.000,0.000,0.000,0.000,0.000,0.000,0.000,0.000,"",
79.742,Right,-3.795,-0.279,-1.239,0.000,1.000,0.000,0.000,0.000,0.000,0.000,0.000,0.000,0.000,"",
79.761,Right,-3.795,-0.279,-1.239,0.000,1.000,0.000,0.000,0.000,0.000,0.000,0.000,0.000,0.000,"",
79.785,Right,-3.795,-0.279,-1.239,0.000,1.000,0.000,0.000,0.000,0.000,0.000,0.000,0.000,0.000,"",
79.804,Right,-3.795,-0.279,-1.239,0.000,1.000,0.000,0.000,0.000,0.000,0.000,0.000,0.000,0.000,"",
79.825,Right,-3.795,-0.279,-1.239,0.000,1.000,0.000,0.000,0.000,0.000,0.000,0.000,0.000,0.000,"",
79.841,Right,-3.795,-0.279,-1.239,0.000,1.000,0.000,0.000,0.000,0.000,0.000,0.000,0.000,0.000,"",
79.867,Right,-3.795,-0.279,-1.239,0.000,1.000,0.000,0.000,0.000,0.000,0.000,0.000,0.000,0.000,"",
79.882,Right,-3.795,-0.279,-1.239,0.000,1.000,0.000,0.000,0.000,0.000,0.000,0.000,0.000,0.000,"",
79.898,Right,-3.795,-0.279,-1.239,0.000,1.000,0.000,0.000,0.000,0.000,0.000,0.000,0.000,0.000,"",
79.922,Right,-3.795,-0.279,-1.239,0.000,1.000,0.000,0.000,0.000,0.000,0.000,0.000,0.000,0.000,"",
79.938,Right,-3.795,-0.279,-1.239,0.000,1.000,0.000,0.000,0.000,0.000,0.000,0.000,0.000,0.000,"",
79.952,Right,-3.795,-0.279,-1.239,0.000,1.000,0.000,0.000,0.000,0.000,0.000,0.000,0.000,0.000,"",
79.967,Right,-3.795,-0.279,-1.239,0.000,1.000,0.000,0.000,0.000,0.000,0.000,0.000,0.000,0.000,"",
79.994,Right,-3.795,-0.279,-1.239,0.000,1.000,0.000,0.000,0.000,0.000,0.000,0.000,0.000,0.000,"",
80.009,Right,-3.795,-0.279,-1.239,0.000,1.000,0.000,0.000,0.000,0.000,0.000,0.000,0.000,0.000,"",
80.035,Right,-3.795,-0.279,-1.239,0.000,1.000,0.000,0.000,0.000,0.000,0.000,0.000,0.000,0.000,"",
80.049,Right,-3.795,-0.279,-1.239,0.000,1.000,0.000,0.000,0.000,0.000,0.000,0.000,0.000,0.000,"",
80.062,Right,-3.795,-0.279,-1.239,0.000,1.000,0.000,0.000,0.000,0.000,0.000,0.000,0.000,0.000,"",
80.075,Right,-3.795,-0.279,-1.239,0.000,1.000,0.000,0.000,0.000,0.000,0.000,0.000,0.000,0.000,"",
80.088,Right,-3.795,-0.279,-1.239,0.000,1.000,0.000,0.000,0.000,0.000,0.000,0.000,0.000,0.000,"",
80.103,Right,-3.795,-0.279,-1.239,0.000,1.000,0.000,0.000,0.000,0.000,0.000,0.000,0.000,0.000,"",
80.117,Right,-3.795,-0.279,-1.239,0.000,1.000,0.000,0.000,0.000,0.000,0.000,0.000,0.000,0.000,"",
80.130,Right,-3.795,-0.279,-1.239,0.000,1.000,0.000,0.000,0.000,0.000,0.000,0.000,0.000,0.000,"",
80.146,Right,-3.795,-0.279,-1.239,0.000,1.000,0.000,0.000,0.000,0.000,0.000,0.000,0.000,0.000,"",
80.160,Right,-3.795,-0.279,-1.239,0.000,1.000,0.000,0.000,0.000,0.000,0.000,0.000,0.000,0.000,"",
80.173,Right,-3.795,-0.279,-1.239,0.000,1.000,0.000,0.000,0.000,0.000,0.000,0.000,0.000,0.000,"",
80.189,Right,-3.795,-0.279,-1.239,0.000,1.000,0.000,0.000,0.000,0.000,0.000,0.000,0.000,0.000,"",
80.202,Right,-3.795,-0.279,-1.239,0.000,1.000,0.000,0.000,0.000,0.000,0.000,0.000,0.000,0.000,"",
80.216,Right,-3.795,-0.279,-1.239,0.000,1.000,0.000,0.000,0.000,0.000,0.000,0.000,0.000,0.000,"",
80.229,Right,-3.795,-0.279,-1.239,0.000,1.000,0.000,0.000,0.000,0.000,0.000,0.000,0.000,0.000,"",
80.245,Right,-3.795,-0.279,-1.239,0.000,1.000,0.000,0.000,0.000,0.000,0.000,0.000,0.000,0.000,"",
80.258,Right,-3.795,-0.279,-1.239,0.000,1.000,0.000,0.000,0.000,0.000,0.000,0.000,0.000,0.000,"",
80.272,Right,-3.795,-0.279,-1.239,0.000,1.000,0.000,0.000,0.000,0.000,0.000,0.000,0.000,0.000,"",
80.289,Right,-3.795,-0.279,-1.239,0.000,1.000,0.000,0.000,0.000,0.000,0.000,0.000,0.000,0.000,"",
80.301,Right,-3.795,-0.279,-1.239,0.000,1.000,0.000,0.000,0.000,0.000,0.000,0.000,0.000,0.000,"",
80.315,Right,-3.795,-0.279,-1.239,0.000,1.000,0.000,0.000,0.000,0.000,0.000,0.000,0.000,0.000,"",
80.327,Right,-3.795,-0.279,-1.239,0.000,1.000,0.000,0.000,0.000,0.000,0.000,0.000,0.000,0.000,"",
80.342,Right,-3.795,-0.279,-1.239,0.000,1.000,0.000,0.000,0.000,0.000,0.000,0.000,0.000,0.000,"",
80.356,Right,-3.795,-0.279,-1.239,0.000,1.000,0.000,0.000,0.000,0.000,0.000,0.000,0.000,0.000,"",
80.370,Right,-3.795,-0.279,-1.239,0.000,1.000,0.000,0.000,0.000,0.000,0.000,0.000,0.000,0.000,"",
80.386,Right,-3.795,-0.279,-1.239,0.000,1.000,0.000,0.000,0.000,0.000,0.000,0.000,0.000,0.000,"",
80.400,Right,-3.795,-0.279,-1.239,0.000,1.000,0.000,0.000,0.000,0.000,0.000,0.000,0.000,0.000,"",
80.411,Right,-3.795,-0.279,-1.239,0.000,1.000,0.000,0.000,0.000,0.000,0.000,0.000,0.000,0.000,"",
80.426,Right,-3.795,-0.279,-1.239,0.000,1.000,0.000,0.000,0.000,0.000,0.000,0.000,0.000,0.000,"",
80.440,Right,-3.795,-0.279,-1.239,0.000,1.000,0.000,0.000,0.000,0.000,0.000,0.000,0.000,0.000,"",
80.454,Right,-3.795,-0.279,-1.239,0.000,1.000,0.000,0.000,0.000,0.000,0.000,0.000,0.000,0.000,"",
80.467,Right,-3.795,-0.279,-1.239,0.000,1.000,0.000,0.000,0.000,0.000,0.000,0.000,0.000,0.000,"",
80.482,Right,-3.795,-0.279,-1.239,0.000,1.000,0.000,0.000,0.000,0.000,0.000,0.000,0.000,0.000,"",
80.496,Right,-3.795,-0.279,-1.239,0.000,1.000,0.000,0.000,0.000,0.000,0.000,0.000,0.000,0.000,"",
80.508,Right,-3.795,-0.279,-1.239,0.000,1.000,0.000,0.000,0.000,0.000,0.000,0.000,0.000,0.000,"",
80.524,Right,-3.795,-0.279,-1.239,0.000,1.000,0.000,0.000,0.000,0.000,0.000,0.000,0.000,0.000,"",
80.537,Right,-3.795,-0.279,-1.239,0.000,1.000,0.000,0.000,0.000,0.000,0.000,0.000,0.000,0.000,"",
80.550,Right,-3.795,-0.279,-1.239,0.000,1.000,0.000,0.000,0.000,0.000,0.000,0.000,0.000,0.000,"",
80.566,Right,-3.795,-0.279,-1.239,0.000,1.000,0.000,0.000,0.000,0.000,0.000,0.000,0.000,0.000,"",
80.580,Right,-3.795,-0.279,-1.239,0.000,1.000,0.000,0.000,0.000,0.000,0.000,0.000,0.000,0.000,"",
80.593,Right,-3.795,-0.279,-1.239,0.000,1.000,0.000,0.000,0.000,0.000,0.000,0.000,0.000,0.000,"",
80.608,Right,-3.795,-0.279,-1.239,0.000,1.000,0.000,0.000,0.000,0.000,0.000,0.000,0.000,0.000,"",
80.625,Right,-3.795,-0.279,-1.239,0.000,1.000,0.000,0.000,0.000,0.000,0.000,0.000,0.000,0.000,"",
80.652,Right,-3.795,-0.279,-1.239,0.000,1.000,0.000,0.000,0.000,0.000,0.000,0.000,0.000,0.000,"",
80.680,Right,-3.795,-0.279,-1.239,0.000,1.000,0.000,0.000,0.000,0.000,0.000,0.000,0.000,0.000,"",
80.706,Right,-3.795,-0.279,-1.239,0.000,1.000,0.000,0.000,0.000,0.000,0.000,0.000,0.000,0.000,"",
80.735,Right,-3.795,-0.279,-1.239,0.000,1.000,0.000,0.000,0.000,0.000,0.000,0.000,0.000,0.000,"",
80.760,Right,-3.795,-0.279,-1.239,0.000,1.000,0.000,0.000,0.000,0.000,0.000,0.000,0.000,0.000,"",
80.788,Right,-3.795,-0.279,-1.239,0.000,1.000,0.000,0.000,0.000,0.000,0.000,0.000,0.000,0.000,"",
80.814,Right,-3.795,-0.279,-1.239,0.000,1.000,0.000,0.000,0.000,0.000,0.000,0.000,0.000,0.000,"",
80.830,Right,-3.795,-0.279,-1.239,0.000,1.000,0.000,0.000,0.000,0.000,0.000,0.000,0.000,0.000,"",
80.846,Right,-3.795,-0.279,-1.239,0.000,1.000,0.000,0.000,0.000,0.000,0.000,0.000,0.000,0.000,"",
80.871,Right,-3.795,-0.279,-1.239,0.000,1.000,0.000,0.000,0.000,0.000,0.000,0.000,0.000,0.000,"",
80.886,Right,-3.795,-0.279,-1.239,0.000,1.000,0.000,0.000,0.000,0.000,0.000,0.000,0.000,0.000,"",
80.912,Right,-3.795,-0.279,-1.239,0.000,1.000,0.000,0.000,0.000,0.000,0.000,0.000,0.000,0.000,"",
80.928,Right,-3.795,-0.279,-1.239,0.000,1.000,0.000,0.000,0.000,0.000,0.000,0.000,0.000,0.000,"",
80.952,Right,-3.795,-0.279,-1.239,0.000,1.000,0.000,0.000,0.000,0.000,0.000,0.000,0.000,0.000,"",
80.967,Right,-3.795,-0.279,-1.239,0.000,1.000,0.000,0.000,0.000,0.000,0.000,0.000,0.000,0.000,"",
80.981,Right,-3.795,-0.279,-1.239,0.000,1.000,0.000,0.000,0.000,0.000,0.000,0.000,0.000,0.000,"",
80.995,Right,-3.795,-0.279,-1.239,0.000,1.000,0.000,0.000,0.000,0.000,0.000,0.000,0.000,0.000,"",
81.008,Right,-3.795,-0.279,-1.239,0.000,1.000,0.000,0.000,0.000,0.000,0.000,0.000,0.000,0.000,"",
81.023,Right,-3.795,-0.279,-1.239,0.000,1.000,0.000,0.000,0.000,0.000,0.000,0.000,0.000,0.000,"",
81.037,Right,-3.795,-0.279,-1.239,0.000,1.000,0.000,0.000,0.000,0.000,0.000,0.000,0.000,0.000,"",
81.052,Right,-3.795,-0.279,-1.239,0.000,1.000,0.000,0.000,0.000,0.000,0.000,0.000,0.000,0.000,"",
81.066,Right,-3.795,-0.279,-1.239,0.000,1.000,0.000,0.000,0.000,0.000,0.000,0.000,0.000,0.000,"",
81.079,Right,-3.795,-0.279,-1.239,0.000,1.000,0.000,0.000,0.000,0.000,0.000,0.000,0.000,0.000,"",
81.092,Right,-3.795,-0.279,-1.239,0.000,1.000,0.000,0.000,0.000,0.000,0.000,0.000,0.000,0.000,"",
81.108,Right,-3.795,-0.279,-1.239,0.000,1.000,0.000,0.000,0.000,0.000,0.000,0.000,0.000,0.000,"",
81.123,Right,-3.795,-0.279,-1.239,0.000,1.000,0.000,0.000,0.000,0.000,0.000,0.000,0.000,0.000,"",
81.137,Right,-3.795,-0.279,-1.239,0.000,1.000,0.000,0.000,0.000,0.000,0.000,0.000,0.000,0.000,"",
81.150,Right,-3.795,-0.279,-1.239,0.000,1.000,0.000,0.000,0.000,0.000,0.000,0.000,0.000,0.000,"",
81.164,Right,-3.795,-0.279,-1.239,0.000,1.000,0.000,0.000,0.000,0.000,0.000,0.000,0.000,0.000,"",
81.178,Right,-3.795,-0.279,-1.239,0.000,1.000,0.000,0.000,0.000,0.000,0.000,0.000,0.000,0.000,"",
81.191,Right,-3.795,-0.279,-1.239,0.000,1.000,0.000,0.000,0.000,0.000,0.000,0.000,0.000,0.000,"",
81.206,Right,-3.795,-0.279,-1.239,0.000,1.000,0.000,0.000,0.000,0.000,0.000,0.000,0.000,0.000,"",
81.221,Right,-3.795,-0.279,-1.239,0.000,1.000,0.000,0.000,0.000,0.000,0.000,0.000,0.000,0.000,"",
81.235,Right,-3.795,-0.279,-1.239,0.000,1.000,0.000,0.000,0.000,0.000,0.000,0.000,0.000,0.000,"",
81.248,Right,-3.795,-0.279,-1.239,0.000,1.000,0.000,0.000,0.000,0.000,0.000,0.000,0.000,0.000,"",
81.262,Right,-3.795,-0.279,-1.239,0.000,1.000,0.000,0.000,0.000,0.000,0.000,0.000,0.000,0.000,"",
81.279,Right,-3.795,-0.279,-1.239,0.000,1.000,0.000,0.000,0.000,0.000,0.000,0.000,0.000,0.000,"",
81.301,Right,-3.795,-0.279,-1.239,0.000,1.000,0.000,0.000,0.000,0.000,0.000,0.000,0.000,0.000,"",
81.318,Right,-3.795,-0.279,-1.239,0.000,1.000,0.000,0.000,0.000,0.000,0.000,0.000,0.000,0.000,"",
81.331,Right,-3.795,-0.279,-1.239,0.000,1.000,0.000,0.000,0.000,0.000,0.000,0.000,0.000,0.000,"",
81.346,Right,-3.795,-0.279,-1.239,0.000,1.000,0.000,0.000,0.000,0.000,0.000,0.000,0.000,0.000,"",
81.360,Right,-3.795,-0.279,-1.239,0.000,1.000,0.000,0.000,0.000,0.000,0.000,0.000,0.000,0.000,"",
81.387,Right,-3.795,-0.279,-1.239,0.000,1.000,0.000,0.000,0.000,0.000,0.000,0.000,0.000,0.000,"",
81.402,Right,-3.795,-0.279,-1.239,0.000,1.000,0.000,0.000,0.000,0.000,0.000,0.000,0.000,0.000,"",
81.429,Right,-3.795,-0.279,-1.239,0.000,1.000,0.000,0.000,0.000,0.000,0.000,0.000,0.000,0.000,"",
81.444,Right,-3.795,-0.279,-1.239,0.000,1.000,0.000,0.000,0.000,0.000,0.000,0.000,0.000,0.000,"",
81.469,Right,-3.795,-0.279,-1.239,0.000,1.000,0.000,0.000,0.000,0.000,0.000,0.000,0.000,0.000,"",
81.485,Right,-3.795,-0.279,-1.239,0.000,1.000,0.000,0.000,0.000,0.000,0.000,0.000,0.000,0.000,"",
81.499,Right,-3.795,-0.279,-1.239,0.000,1.000,0.000,0.000,0.000,0.000,0.000,0.000,0.000,0.000,"",
81.524,Right,-3.795,-0.279,-1.239,0.000,1.000,0.000,0.000,0.000,0.000,0.000,0.000,0.000,0.000,"",
81.540,Right,-3.795,-0.279,-1.239,0.000,1.000,0.000,0.000,0.000,0.000,0.000,0.000,0.000,0.000,"",
81.554,Right,-3.795,-0.279,-1.239,0.000,1.000,0.000,0.000,0.000,0.000,0.000,0.000,0.000,0.000,"",
81.570,Right,-3.795,-0.279,-1.239,0.000,1.000,0.000,0.000,0.000,0.000,0.000,0.000,0.000,0.000,"",
81.596,Right,-3.795,-0.279,-1.239,0.000,1.000,0.000,0.000,0.000,0.000,0.000,0.000,0.000,0.000,"",
81.611,Right,-3.795,-0.279,-1.239,0.000,1.000,0.000,0.000,0.000,0.000,0.000,0.000,0.000,0.000,"",
81.637,Right,-3.795,-0.279,-1.239,0.000,1.000,0.000,0.000,0.000,0.000,0.000,0.000,0.000,0.000,"",
81.652,Right,-3.795,-0.279,-1.239,0.000,1.000,0.000,0.000,0.000,0.000,0.000,0.000,0.000,0.000,"",
81.678,Right,-3.795,-0.279,-1.239,0.000,1.000,0.000,0.000,0.000,0.000,0.000,0.000,0.000,0.000,"",
81.697,Right,-3.795,-0.279,-1.239,0.000,1.000,0.000,0.000,0.000,0.000,0.000,0.000,0.000,0.000,"",
81.720,Right,-3.795,-0.279,-1.239,0.000,1.000,0.000,0.000,0.000,0.000,0.000,0.000,0.000,0.000,"",
81.739,Right,-3.795,-0.279,-1.239,0.000,1.000,0.000,0.000,0.000,0.000,0.000,0.000,0.000,0.000,"",
81.760,Right,-3.795,-0.279,-1.239,0.000,1.000,0.000,0.000,0.000,0.000,0.000,0.000,0.000,0.000,"",
81.774,Right,-3.795,-0.279,-1.239,0.000,1.000,0.000,0.000,0.000,0.000,0.000,0.000,0.000,0.000,"",
81.789,Right,-3.795,-0.279,-1.239,0.000,1.000,0.000,0.000,0.000,0.000,0.000,0.000,0.000,0.000,"",
81.803,Right,-3.795,-0.279,-1.239,0.000,1.000,0.000,0.000,0.000,0.000,0.000,0.000,0.000,0.000,"",
81.817,Right,-3.795,-0.279,-1.239,0.000,1.000,0.000,0.000,0.000,0.000,0.000,0.000,0.000,0.000,"",
81.830,Right,-3.795,-0.279,-1.239,0.000,1.000,0.000,0.000,0.000,0.000,0.000,0.000,0.000,0.000,"",
81.844,Right,-3.795,-0.279,-1.239,0.000,1.000,0.000,0.000,0.000,0.000,0.000,0.000,0.000,0.000,"",
81.858,Right,-3.795,-0.279,-1.239,0.000,1.000,0.000,0.000,0.000,0.000,0.000,0.000,0.000,0.000,"",
81.871,Right,-3.795,-0.279,-1.239,0.000,1.000,0.000,0.000,0.000,0.000,0.000,0.000,0.000,0.000,"",
81.887,Right,-3.795,-0.279,-1.239,0.000,1.000,0.000,0.000,0.000,0.000,0.000,0.000,0.000,0.000,"",
81.900,Right,-3.795,-0.279,-1.239,0.000,1.000,0.000,0.000,0.000,0.000,0.000,0.000,0.000,0.000,"",
81.915,Right,-3.795,-0.279,-1.239,0.000,1.000,0.000,0.000,0.000,0.000,0.000,0.000,0.000,0.000,"",
81.927,Right,-3.795,-0.279,-1.239,0.000,1.000,0.000,0.000,0.000,0.000,0.000,0.000,0.000,0.000,"",
81.943,Right,-3.795,-0.279,-1.239,0.000,1.000,0.000,0.000,0.000,0.000,0.000,0.000,0.000,0.000,"",
81.957,Right,-3.795,-0.279,-1.239,0.000,1.000,0.000,0.000,0.000,0.000,0.000,0.000,0.000,0.000,"",
81.970,Right,-3.795,-0.279,-1.239,0.000,1.000,0.000,0.000,0.000,0.000,0.000,0.000,0.000,0.000,"",
81.986,Right,-3.795,-0.279,-1.239,0.000,1.000,0.000,0.000,0.000,0.000,0.000,0.000,0.000,0.000,"",
82.000,Right,-3.795,-0.279,-1.239,0.000,1.000,0.000,0.000,0.000,0.000,0.000,0.000,0.000,0.000,"",
82.012,Right,-3.795,-0.279,-1.239,0.000,1.000,0.000,0.000,0.000,0.000,0.000,0.000,0.000,0.000,"",
82.026,Right,-3.795,-0.279,-1.239,0.000,1.000,0.000,0.000,0.000,0.000,0.000,0.000,0.000,0.000,"",
82.040,Right,-3.795,-0.279,-1.239,0.000,1.000,0.000,0.000,0.000,0.000,0.000,0.000,0.000,0.000,"",
82.054,Right,-3.795,-0.279,-1.239,0.000,1.000,0.000,0.000,0.000,0.000,0.000,0.000,0.000,0.000,"",
82.068,Right,-3.795,-0.279,-1.239,0.000,1.000,0.000,0.000,0.000,0.000,0.000,0.000,0.000,0.000,"",
82.084,Right,-3.795,-0.279,-1.239,0.000,1.000,0.000,0.000,0.000,0.000,0.000,0.000,0.000,0.000,"",
82.097,Right,-3.795,-0.279,-1.239,0.000,1.000,0.000,0.000,0.000,0.000,0.000,0.000,0.000,0.000,"",
82.110,Right,-3.795,-0.279,-1.239,0.000,1.000,0.000,0.000,0.000,0.000,0.000,0.000,0.000,0.000,"",
82.125,Right,-3.795,-0.279,-1.239,0.000,1.000,0.000,0.000,0.000,0.000,0.000,0.000,0.000,0.000,"",
82.138,Right,-3.795,-0.279,-1.239,0.000,1.000,0.000,0.000,0.000,0.000,0.000,0.000,0.000,0.000,"",
82.151,Right,-3.795,-0.279,-1.239,0.000,1.000,0.000,0.000,0.000,0.000,0.000,0.000,0.000,0.000,"",
82.166,Right,-3.795,-0.279,-1.239,0.000,1.000,0.000,0.000,0.000,0.000,0.000,0.000,0.000,0.000,"",
82.181,Right,-3.795,-0.279,-1.239,0.000,1.000,0.000,0.000,0.000,0.000,0.000,0.000,0.000,0.000,"",
82.198,Right,-3.795,-0.279,-1.239,0.000,1.000,0.000,0.000,0.000,0.000,0.000,0.000,0.000,0.000,"",
82.222,Right,-3.795,-0.279,-1.239,0.000,1.000,0.000,0.000,0.000,0.000,0.000,0.000,0.000,0.000,"",
82.237,Right,-3.795,-0.279,-1.239,0.000,1.000,0.000,0.000,0.000,0.000,0.000,0.000,0.000,0.000,"",
82.249,Right,-3.795,-0.279,-1.239,0.000,1.000,0.000,0.000,0.000,0.000,0.000,0.000,0.000,0.000,"",
82.263,Right,-3.795,-0.279,-1.239,0.000,1.000,0.000,0.000,0.000,0.000,0.000,0.000,0.000,0.000,"",
82.280,Right,-3.795,-0.279,-1.239,0.000,1.000,0.000,0.000,0.000,0.000,0.000,0.000,0.000,0.000,"",
82.292,Right,-3.795,-0.279,-1.239,0.000,1.000,0.000,0.000,0.000,0.000,0.000,0.000,0.000,0.000,"",
82.306,Right,-3.795,-0.279,-1.239,0.000,1.000,0.000,0.000,0.000,0.000,0.000,0.000,0.000,0.000,"",
82.320,Right,-3.795,-0.279,-1.239,0.000,1.000,0.000,0.000,0.000,0.000,0.000,0.000,0.000,0.000,"",
82.339,Right,-3.795,-0.279,-1.239,0.000,1.000,0.000,0.000,0.000,0.000,0.000,0.000,0.000,0.000,"",
82.361,Right,-3.795,-0.279,-1.239,0.000,1.000,0.000,0.000,0.000,0.000,0.000,0.000,0.000,0.000,"",
82.378,Right,-3.795,-0.279,-1.239,0.000,1.000,0.000,0.000,0.000,0.000,0.000,0.000,0.000,0.000,"",
82.396,Right,-3.795,-0.279,-1.239,0.000,1.000,0.000,0.000,0.000,0.000,0.000,0.000,0.000,0.000,"",
82.423,Right,-3.795,-0.279,-1.239,0.000,1.000,0.000,0.000,0.000,0.000,0.000,0.000,0.000,0.000,"",
82.453,Right,-3.795,-0.279,-1.239,0.000,1.000,0.000,0.000,0.000,0.000,0.000,0.000,0.000,0.000,"",
82.481,Right,-3.795,-0.279,-1.239,0.000,1.000,0.000,0.000,0.000,0.000,0.000,0.000,0.000,0.000,"",
82.510,Right,-3.795,-0.279,-1.239,0.000,1.000,0.000,0.000,0.000,0.000,0.000,0.000,0.000,0.000,"",
82.539,Right,-3.795,-0.279,-1.239,0.000,1.000,0.000,0.000,0.000,0.000,0.000,0.000,0.000,0.000,"",
82.567,Right,-3.795,-0.279,-1.239,0.000,1.000,0.000,0.000,0.000,0.000,0.000,0.000,0.000,0.000,"",
82.597,Right,-3.795,-0.279,-1.239,0.000,1.000,0.000,0.000,0.000,0.000,0.000,0.000,0.000,0.000,"",
82.624,Right,-3.795,-0.279,-1.239,0.000,1.000,0.000,0.000,0.000,0.000,0.000,0.000,0.000,0.000,"",
82.653,Right,-3.795,-0.279,-1.239,0.000,1.000,0.000,0.000,0.000,0.000,0.000,0.000,0.000,0.000,"",
82.681,Right,-3.795,-0.279,-1.239,0.000,1.000,0.000,0.000,0.000,0.000,0.000,0.000,0.000,0.000,"",
82.709,Right,-3.795,-0.279,-1.239,0.000,1.000,0.000,0.000,0.000,0.000,0.000,0.000,0.000,0.000,"",
82.736,Right,-3.795,-0.279,-1.239,0.000,1.000,0.000,0.000,0.000,0.000,0.000,0.000,0.000,0.000,"",
82.765,Right,-3.795,-0.279,-1.239,0.000,1.000,0.000,0.000,0.000,0.000,0.000,0.000,0.000,0.000,"",
82.798,Right,-3.795,-0.279,-1.239,0.000,1.000,0.000,0.000,0.000,0.000,0.000,0.000,0.000,0.000,"",
82.819,Right,-3.795,-0.279,-1.239,0.000,1.000,0.000,0.000,0.000,0.000,0.000,0.000,0.000,0.000,"",
82.846,Right,-3.795,-0.279,-1.239,0.000,1.000,0.000,0.000,0.000,0.000,0.000,0.000,0.000,0.000,"",
82.875,Right,-3.795,-0.279,-1.239,0.000,1.000,0.000,0.000,0.000,0.000,0.000,0.000,0.000,0.000,"",
82.902,Right,-3.795,-0.279,-1.239,0.000,1.000,0.000,0.000,0.000,0.000,0.000,0.000,0.000,0.000,"",
82.929,Right,-3.795,-0.279,-1.239,0.000,1.000,0.000,0.000,0.000,0.000,0.000,0.000,0.000,0.000,"",
82.957,Right,-3.795,-0.279,-1.239,0.000,1.000,0.000,0.000,0.000,0.000,0.000,0.000,0.000,0.000,"",
82.986,Right,-3.795,-0.279,-1.239,0.000,1.000,0.000,0.000,0.000,0.000,0.000,0.000,0.000,0.000,"",
83.016,Right,-3.795,-0.279,-1.239,0.000,1.000,0.000,0.000,0.000,0.000,0.000,0.000,0.000,0.000,"",
83.044,Right,-3.795,-0.279,-1.239,0.000,1.000,0.000,0.000,0.000,0.000,0.000,0.000,0.000,0.000,"",
83.071,Right,-3.795,-0.279,-1.239,0.000,1.000,0.000,0.000,0.000,0.000,0.000,0.000,0.000,0.000,"",
83.099,Right,-3.795,-0.279,-1.239,0.000,1.000,0.000,0.000,0.000,0.000,0.000,0.000,0.000,0.000,"",
83.126,Right,-3.795,-0.279,-1.239,0.000,1.000,0.000,0.000,0.000,0.000,0.000,0.000,0.000,0.000,"",
83.156,Right,-3.795,-0.279,-1.239,0.000,1.000,0.000,0.000,0.000,0.000,0.000,0.000,0.000,0.000,"",
83.181,Right,-3.795,-0.279,-1.239,0.000,1.000,0.000,0.000,0.000,0.000,0.000,0.000,0.000,0.000,"",
83.210,Right,-3.795,-0.279,-1.239,0.000,1.000,0.000,0.000,0.000,0.000,0.000,0.000,0.000,0.000,"",
83.235,Right,-3.795,-0.279,-1.239,0.000,1.000,0.000,0.000,0.000,0.000,0.000,0.000,0.000,0.000,"",
83.252,Right,-3.795,-0.279,-1.239,0.000,1.000,0.000,0.000,0.000,0.000,0.000,0.000,0.000,0.000,"",
83.277,Right,-3.795,-0.279,-1.239,0.000,1.000,0.000,0.000,0.000,0.000,0.000,0.000,0.000,0.000,"",
83.296,Right,-3.795,-0.279,-1.239,0.000,1.000,0.000,0.000,0.000,0.000,0.000,0.000,0.000,0.000,"",
83.320,Right,-3.795,-0.279,-1.239,0.000,1.000,0.000,0.000,0.000,0.000,0.000,0.000,0.000,0.000,"",
83.347,Right,-3.795,-0.279,-1.239,0.000,1.000,0.000,0.000,0.000,0.000,0.000,0.000,0.000,0.000,"",
83.365,Right,-3.795,-0.279,-1.239,0.000,1.000,0.000,0.000,0.000,0.000,0.000,0.000,0.000,0.000,"",
83.389,Right,-3.795,-0.279,-1.239,0.000,1.000,0.000,0.000,0.000,0.000,0.000,0.000,0.000,0.000,"",
83.406,Right,-3.795,-0.279,-1.239,0.000,1.000,0.000,0.000,0.000,0.000,0.000,0.000,0.000,0.000,"",
83.432,Right,-3.795,-0.279,-1.239,0.000,1.000,0.000,0.000,0.000,0.000,0.000,0.000,0.000,0.000,"",
83.459,Right,-3.795,-0.279,-1.239,0.000,1.000,0.000,0.000,0.000,0.000,0.000,0.000,0.000,0.000,"",
83.475,Right,-3.795,-0.279,-1.239,0.000,1.000,0.000,0.000,0.000,0.000,0.000,0.000,0.000,0.000,"",
83.502,Right,-3.795,-0.279,-1.239,0.000,1.000,0.000,0.000,0.000,0.000,0.000,0.000,0.000,0.000,"",
83.530,Right,-3.795,-0.279,-1.239,0.000,1.000,0.000,0.000,0.000,0.000,0.000,0.000,0.000,0.000,"",
83.558,Right,-3.795,-0.279,-1.239,0.000,1.000,0.000,0.000,0.000,0.000,0.000,0.000,0.000,0.000,"",
83.586,Right,-3.795,-0.279,-1.239,0.000,1.000,0.000,0.000,0.000,0.000,0.000,0.000,0.000,0.000,"",
83.616,Right,-3.795,-0.279,-1.239,0.000,1.000,0.000,0.000,0.000,0.000,0.000,0.000,0.000,0.000,"",
83.644,Right,-3.795,-0.279,-1.239,0.000,1.000,0.000,0.000,0.000,0.000,0.000,0.000,0.000,0.000,"",
83.671,Right,-3.795,-0.279,-1.239,0.000,1.000,0.000,0.000,0.000,0.000,0.000,0.000,0.000,0.000,"",
83.699,Right,-3.795,-0.279,-1.239,0.000,1.000,0.000,0.000,0.000,0.000,0.000,0.000,0.000,0.000,"",
83.725,Right,-3.795,-0.279,-1.239,0.000,1.000,0.000,0.000,0.000,0.000,0.000,0.000,0.000,0.000,"",
83.759,Right,-3.795,-0.279,-1.239,0.000,1.000,0.000,0.000,0.000,0.000,0.000,0.000,0.000,0.000,"",
83.781,Right,-3.795,-0.279,-1.239,0.000,1.000,0.000,0.000,0.000,0.000,0.000,0.000,0.000,0.000,"",
83.807,Right,-3.795,-0.279,-1.239,0.000,1.000,0.000,0.000,0.000,0.000,0.000,0.000,0.000,0.000,"",
83.835,Right,-3.795,-0.279,-1.239,0.000,1.000,0.000,0.000,0.000,0.000,0.000,0.000,0.000,0.000,"",
83.863,Right,-3.795,-0.279,-1.239,0.000,1.000,0.000,0.000,0.000,0.000,0.000,0.000,0.000,0.000,"",
83.894,Right,-3.795,-0.279,-1.239,0.000,1.000,0.000,0.000,0.000,0.000,0.000,0.000,0.000,0.000,"",
83.919,Right,-3.795,-0.279,-1.239,0.000,1.000,0.000,0.000,0.000,0.000,0.000,0.000,0.000,0.000,"",
83.947,Right,-3.795,-0.279,-1.239,0.000,1.000,0.000,0.000,0.000,0.000,0.000,0.000,0.000,0.000,"",
83.975,Right,-3.795,-0.279,-1.239,0.000,1.000,0.000,0.000,0.000,0.000,0.000,0.000,0.000,0.000,"",
84.003,Right,-3.795,-0.279,-1.239,0.000,1.000,0.000,0.000,0.000,0.000,0.000,0.000,0.000,0.000,"",
84.031,Right,-3.795,-0.279,-1.239,0.000,1.000,0.000,0.000,0.000,0.000,0.000,0.000,0.000,0.000,"",
84.060,Right,-3.795,-0.279,-1.239,0.000,1.000,0.000,0.000,0.000,0.000,0.000,0.000,0.000,0.000,"",
84.086,Right,-3.795,-0.279,-1.239,0.000,1.000,0.000,0.000,0.000,0.000,0.000,0.000,0.000,0.000,"",
84.115,Right,-3.795,-0.279,-1.239,0.000,1.000,0.000,0.000,0.000,0.000,0.000,0.000,0.000,0.000,"",
84.143,Right,-3.795,-0.279,-1.239,0.000,1.000,0.000,0.000,0.000,0.000,0.000,0.000,0.000,0.000,"",
84.172,Right,-3.795,-0.279,-1.239,0.000,1.000,0.000,0.000,0.000,0.000,0.000,0.000,0.000,0.000,"",
84.196,Right,-3.795,-0.279,-1.239,0.000,1.000,0.000,0.000,0.000,0.000,0.000,0.000,0.000,0.000,"",
84.224,Right,-3.795,-0.279,-1.239,0.000,1.000,0.000,0.000,0.000,0.000,0.000,0.000,0.000,0.000,"",
84.241,Right,-3.795,-0.279,-1.239,0.000,1.000,0.000,0.000,0.000,0.000,0.000,0.000,0.000,0.000,"",
84.267,Right,-3.795,-0.279,-1.239,0.000,1.000,0.000,0.000,0.000,0.000,0.000,0.000,0.000,0.000,"",
84.294,Right,-3.795,-0.279,-1.239,0.000,1.000,0.000,0.000,0.000,0.000,0.000,0.000,0.000,0.000,"",
84.309,Right,-3.795,-0.279,-1.239,0.000,1.000,0.000,0.000,0.000,0.000,0.000,0.000,0.000,0.000,"",
84.325,Right,-3.795,-0.279,-1.239,0.000,1.000,0.000,0.000,0.000,0.000,0.000,0.000,0.000,0.000,"",
84.351,Right,-3.795,-0.279,-1.239,0.000,1.000,0.000,0.000,0.000,0.000,0.000,0.000,0.000,0.000,"",
84.368,Right,-3.795,-0.279,-1.239,0.000,1.000,0.000,0.000,0.000,0.000,0.000,0.000,0.000,0.000,"",
84.391,Right,-3.795,-0.279,-1.239,0.000,1.000,0.000,0.000,0.000,0.000,0.000,0.000,0.000,0.000,"",
84.406,Right,-3.795,-0.279,-1.239,0.000,1.000,0.000,0.000,0.000,0.000,0.000,0.000,0.000,0.000,"",
84.422,Right,-3.795,-0.279,-1.239,0.000,1.000,0.000,0.000,0.000,0.000,0.000,0.000,0.000,0.000,"",
84.448,Right,-3.795,-0.279,-1.239,0.000,1.000,0.000,0.000,0.000,0.000,0.000,0.000,0.000,0.000,"",
84.464,Right,-3.795,-0.279,-1.239,0.000,1.000,0.000,0.000,0.000,0.000,0.000,0.000,0.000,0.000,"",
84.489,Right,-3.795,-0.279,-1.239,0.000,1.000,0.000,0.000,0.000,0.000,0.000,0.000,0.000,0.000,"",
84.505,Right,-3.795,-0.279,-1.239,0.000,1.000,0.000,0.000,0.000,0.000,0.000,0.000,0.000,0.000,"",
84.524,Right,-3.795,-0.279,-1.239,0.000,1.000,0.000,0.000,0.000,0.000,0.000,0.000,0.000,0.000,"",
84.545,Right,-3.795,-0.279,-1.239,0.000,1.000,0.000,0.000,0.000,0.000,0.000,0.000,0.000,0.000,"",
84.559,Right,-3.795,-0.279,-1.239,0.000,1.000,0.000,0.000,0.000,0.000,0.000,0.000,0.000,0.000,"",
84.572,Right,-3.795,-0.279,-1.239,0.000,1.000,0.000,0.000,0.000,0.000,0.000,0.000,0.000,0.000,"",
84.586,Right,-3.795,-0.279,-1.239,0.000,1.000,0.000,0.000,0.000,0.000,0.000,0.000,0.000,0.000,"",
84.601,Right,-3.795,-0.279,-1.239,0.000,1.000,0.000,0.000,0.000,0.000,0.000,0.000,0.000,0.000,"",
84.616,Right,-3.795,-0.279,-1.239,0.000,1.000,0.000,0.000,0.000,0.000,0.000,0.000,0.000,0.000,"",
84.629,Right,-3.795,-0.279,-1.239,0.000,1.000,0.000,0.000,0.000,0.000,0.000,0.000,0.000,0.000,"",
84.643,Right,-3.795,-0.279,-1.239,0.000,1.000,0.000,0.000,0.000,0.000,0.000,0.000,0.000,0.000,"",
84.660,Right,-3.795,-0.279,-1.239,0.000,1.000,0.000,0.000,0.000,0.000,0.000,0.000,0.000,0.000,"",
84.684,Right,-3.795,-0.279,-1.239,0.000,1.000,0.000,0.000,0.000,0.000,0.000,0.000,0.000,0.000,"",
84.699,Right,-3.795,-0.279,-1.239,0.000,1.000,0.000,0.000,0.000,0.000,0.000,0.000,0.000,0.000,"",
84.712,Right,-3.795,-0.279,-1.239,0.000,1.000,0.000,0.000,0.000,0.000,0.000,0.000,0.000,0.000,"",
84.726,Right,-3.795,-0.279,-1.239,0.000,1.000,0.000,0.000,0.000,0.000,0.000,0.000,0.000,0.000,"",
84.744,Right,-3.795,-0.279,-1.239,0.000,1.000,0.000,0.000,0.000,0.000,0.000,0.000,0.000,0.000,"",
84.768,Right,-3.795,-0.279,-1.239,0.000,1.000,0.000,0.000,0.000,0.000,0.000,0.000,0.000,0.000,"",
84.783,Right,-3.795,-0.279,-1.239,0.000,1.000,0.000,0.000,0.000,0.000,0.000,0.000,0.000,0.000,"",
84.799,Right,-3.795,-0.279,-1.239,0.000,1.000,0.000,0.000,0.000,0.000,0.000,0.000,0.000,0.000,"",
84.825,Right,-3.795,-0.279,-1.239,0.000,1.000,0.000,0.000,0.000,0.000,0.000,0.000,0.000,0.000,"",
84.841,Right,-3.795,-0.279,-1.239,0.000,1.000,0.000,0.000,0.000,0.000,0.000,0.000,0.000,0.000,"",
84.867,Right,-3.795,-0.279,-1.239,0.000,1.000,0.000,0.000,0.000,0.000,0.000,0.000,0.000,0.000,"",
84.883,Right,-3.795,-0.279,-1.239,0.000,1.000,0.000,0.000,0.000,0.000,0.000,0.000,0.000,0.000,"",
84.908,Right,-3.795,-0.279,-1.239,0.000,1.000,0.000,0.000,0.000,0.000,0.000,0.000,0.000,0.000,"",
84.925,Right,-3.795,-0.279,-1.239,0.000,1.000,0.000,0.000,0.000,0.000,0.000,0.000,0.000,0.000,"",
84.950,Right,-3.795,-0.279,-1.239,0.000,1.000,0.000,0.000,0.000,0.000,0.000,0.000,0.000,0.000,"",
84.965,Right,-3.795,-0.279,-1.239,0.000,1.000,0.000,0.000,0.000,0.000,0.000,0.000,0.000,0.000,"",
84.991,Right,-3.795,-0.279,-1.239,0.000,1.000,0.000,0.000,0.000,0.000,0.000,0.000,0.000,0.000,"",
85.007,Right,-3.795,-0.279,-1.239,0.000,1.000,0.000,0.000,0.000,0.000,0.000,0.000,0.000,0.000,"",
85.035,Right,-3.795,-0.279,-1.239,0.000,1.000,0.000,0.000,0.000,0.000,0.000,0.000,0.000,0.000,"",
85.060,Right,-3.795,-0.279,-1.239,0.000,1.000,0.000,0.000,0.000,0.000,0.000,0.000,0.000,0.000,"",
85.074,Right,-3.795,-0.279,-1.239,0.000,1.000,0.000,0.000,0.000,0.000,0.000,0.000,0.000,0.000,"",
85.087,Right,-3.795,-0.279,-1.239,0.000,1.000,0.000,0.000,0.000,0.000,0.000,0.000,0.000,0.000,"",
85.100,Right,-3.795,-0.279,-1.239,0.000,1.000,0.000,0.000,0.000,0.000,0.000,0.000,0.000,0.000,"",
85.112,Right,-3.795,-0.279,-1.239,0.000,1.000,0.000,0.000,0.000,0.000,0.000,0.000,0.000,0.000,"",
85.129,Right,-3.795,-0.279,-1.239,0.000,1.000,0.000,0.000,0.000,0.000,0.000,0.000,0.000,0.000,"",
85.141,Right,-3.795,-0.279,-1.239,0.000,1.000,0.000,0.000,0.000,0.000,0.000,0.000,0.000,0.000,"",
85.157,Right,-3.795,-0.279,-1.239,0.000,1.000,0.000,0.000,0.000,0.000,0.000,0.000,0.000,0.000,"",
85.169,Right,-3.795,-0.279,-1.239,0.000,1.000,0.000,0.000,0.000,0.000,0.000,0.000,0.000,0.000,"",
85.185,Right,-3.795,-0.279,-1.239,0.000,1.000,0.000,0.000,0.000,0.000,0.000,0.000,0.000,0.000,"",
85.199,Right,-3.795,-0.279,-1.239,0.000,1.000,0.000,0.000,0.000,0.000,0.000,0.000,0.000,0.000,"",
85.212,Right,-3.795,-0.279,-1.239,0.000,1.000,0.000,0.000,0.000,0.000,0.000,0.000,0.000,0.000,"",
85.227,Right,-3.795,-0.279,-1.239,0.000,1.000,0.000,0.000,0.000,0.000,0.000,0.000,0.000,0.000,"",
85.243,Right,-3.795,-0.279,-1.239,0.000,1.000,0.000,0.000,0.000,0.000,0.000,0.000,0.000,0.000,"",
85.255,Right,-3.795,-0.279,-1.239,0.000,1.000,0.000,0.000,0.000,0.000,0.000,0.000,0.000,0.000,"",
85.268,Right,-3.795,-0.279,-1.239,0.000,1.000,0.000,0.000,0.000,0.000,0.000,0.000,0.000,0.000,"",
85.283,Right,-3.795,-0.279,-1.239,0.000,1.000,0.000,0.000,0.000,0.000,0.000,0.000,0.000,0.000,"",
85.298,Right,-3.795,-0.279,-1.239,0.000,1.000,0.000,0.000,0.000,0.000,0.000,0.000,0.000,0.000,"",
85.313,Right,-3.795,-0.279,-1.239,0.000,1.000,0.000,0.000,0.000,0.000,0.000,0.000,0.000,0.000,"",
85.326,Right,-3.795,-0.279,-1.239,0.000,1.000,0.000,0.000,0.000,0.000,0.000,0.000,0.000,0.000,"",
85.340,Right,-3.795,-0.279,-1.239,0.000,1.000,0.000,0.000,0.000,0.000,0.000,0.000,0.000,0.000,"",
85.355,Right,-3.795,-0.279,-1.239,0.000,1.000,0.000,0.000,0.000,0.000,0.000,0.000,0.000,0.000,"",
85.370,Right,-3.795,-0.279,-1.239,0.000,1.000,0.000,0.000,0.000,0.000,0.000,0.000,0.000,0.000,"",
85.384,Right,-3.795,-0.279,-1.239,0.000,1.000,0.000,0.000,0.000,0.000,0.000,0.000,0.000,0.000,"",
85.397,Right,-3.795,-0.279,-1.239,0.000,1.000,0.000,0.000,0.000,0.000,0.000,0.000,0.000,0.000,"",
85.410,Right,-3.795,-0.279,-1.239,0.000,1.000,0.000,0.000,0.000,0.000,0.000,0.000,0.000,0.000,"",
85.425,Right,-3.795,-0.279,-1.239,0.000,1.000,0.000,0.000,0.000,0.000,0.000,0.000,0.000,0.000,"",
85.439,Right,-3.795,-0.279,-1.239,0.000,1.000,0.000,0.000,0.000,0.000,0.000,0.000,0.000,0.000,"",
85.453,Right,-3.795,-0.279,-1.239,0.000,1.000,0.000,0.000,0.000,0.000,0.000,0.000,0.000,0.000,"",
85.468,Right,-3.795,-0.279,-1.239,0.000,1.000,0.000,0.000,0.000,0.000,0.000,0.000,0.000,0.000,"",
85.482,Right,-3.795,-0.279,-1.239,0.000,1.000,0.000,0.000,0.000,0.000,0.000,0.000,0.000,0.000,"",
85.507,Right,-3.795,-0.279,-1.239,0.000,1.000,0.000,0.000,0.000,0.000,0.000,0.000,0.000,0.000,"",
85.520,Right,-3.795,-0.279,-1.239,0.000,1.000,0.000,0.000,0.000,0.000,0.000,0.000,0.000,0.000,"",
85.535,Right,-3.795,-0.279,-1.239,0.000,1.000,0.000,0.000,0.000,0.000,0.000,0.000,0.000,0.000,"",
85.547,Right,-3.795,-0.279,-1.239,0.000,1.000,0.000,0.000,0.000,0.000,0.000,0.000,0.000,0.000,"",
85.562,Right,-3.795,-0.279,-1.239,0.000,1.000,0.000,0.000,0.000,0.000,0.000,0.000,0.000,0.000,"",
85.576,Right,-3.795,-0.279,-1.239,0.000,1.000,0.000,0.000,0.000,0.000,0.000,0.000,0.000,0.000,"",
85.589,Right,-3.795,-0.279,-1.239,0.000,1.000,0.000,0.000,0.000,0.000,0.000,0.000,0.000,0.000,"",
85.605,Right,-3.795,-0.279,-1.239,0.000,1.000,0.000,0.000,0.000,0.000,0.000,0.000,0.000,0.000,"",
85.619,Right,-3.795,-0.279,-1.239,0.000,1.000,0.000,0.000,0.000,0.000,0.000,0.000,0.000,0.000,"",
85.631,Right,-3.795,-0.279,-1.239,0.000,1.000,0.000,0.000,0.000,0.000,0.000,0.000,0.000,0.000,"",
85.646,Right,-3.795,-0.279,-1.239,0.000,1.000,0.000,0.000,0.000,0.000,0.000,0.000,0.000,0.000,"",
85.661,Right,-3.795,-0.279,-1.239,0.000,1.000,0.000,0.000,0.000,0.000,0.000,0.000,0.000,0.000,"",
85.675,Right,-3.795,-0.279,-1.239,0.000,1.000,0.000,0.000,0.000,0.000,0.000,0.000,0.000,0.000,"",
85.688,Right,-3.795,-0.279,-1.239,0.000,1.000,0.000,0.000,0.000,0.000,0.000,0.000,0.000,0.000,"",
85.701,Right,-3.795,-0.279,-1.239,0.000,1.000,0.000,0.000,0.000,0.000,0.000,0.000,0.000,0.000,"",
85.715,Right,-3.795,-0.279,-1.239,0.000,1.000,0.000,0.000,0.000,0.000,0.000,0.000,0.000,0.000,"",
85.728,Right,-3.795,-0.279,-1.239,0.000,1.000,0.000,0.000,0.000,0.000,0.000,0.000,0.000,0.000,"",
85.742,Right,-3.795,-0.279,-1.239,0.000,1.000,0.000,0.000,0.000,0.000,0.000,0.000,0.000,0.000,"",
85.757,Right,-3.795,-0.279,-1.239,0.000,1.000,0.000,0.000,0.000,0.000,0.000,0.000,0.000,0.000,"",
85.770,Right,-3.795,-0.279,-1.239,0.000,1.000,0.000,0.000,0.000,0.000,0.000,0.000,0.000,0.000,"",
85.785,Right,-3.795,-0.279,-1.239,0.000,1.000,0.000,0.000,0.000,0.000,0.000,0.000,0.000,0.000,"",
85.800,Right,-3.795,-0.279,-1.239,0.000,1.000,0.000,0.000,0.000,0.000,0.000,0.000,0.000,0.000,"",
85.812,Right,-3.795,-0.279,-1.239,0.000,1.000,0.000,0.000,0.000,0.000,0.000,0.000,0.000,0.000,"",
85.826,Right,-3.795,-0.279,-1.239,0.000,1.000,0.000,0.000,0.000,0.000,0.000,0.000,0.000,0.000,"",
85.840,Right,-3.795,-0.279,-1.239,0.000,1.000,0.000,0.000,0.000,0.000,0.000,0.000,0.000,0.000,"",
85.855,Right,-3.795,-0.279,-1.239,0.000,1.000,0.000,0.000,0.000,0.000,0.000,0.000,0.000,0.000,"",
85.867,Right,-3.795,-0.279,-1.239,0.000,1.000,0.000,0.000,0.000,0.000,0.000,0.000,0.000,0.000,"",
85.882,Right,-3.795,-0.279,-1.239,0.000,1.000,0.000,0.000,0.000,0.000,0.000,0.000,0.000,0.000,"",
85.897,Right,-3.795,-0.279,-1.239,0.000,1.000,0.000,0.000,0.000,0.000,0.000,0.000,0.000,0.000,"",
85.909,Right,-3.795,-0.279,-1.239,0.000,1.000,0.000,0.000,0.000,0.000,0.000,0.000,0.000,0.000,"",
85.924,Right,-3.795,-0.279,-1.239,0.000,1.000,0.000,0.000,0.000,0.000,0.000,0.000,0.000,0.000,"",
85.939,Right,-3.795,-0.279,-1.239,0.000,1.000,0.000,0.000,0.000,0.000,0.000,0.000,0.000,0.000,"",
85.951,Right,-3.795,-0.279,-1.239,0.000,1.000,0.000,0.000,0.000,0.000,0.000,0.000,0.000,0.000,"",
85.966,Right,-3.795,-0.279,-1.239,0.000,1.000,0.000,0.000,0.000,0.000,0.000,0.000,0.000,0.000,"",
85.981,Right,-3.795,-0.279,-1.239,0.000,1.000,0.000,0.000,0.000,0.000,0.000,0.000,0.000,0.000,"",
85.995,Right,-3.795,-0.279,-1.239,0.000,1.000,0.000,0.000,0.000,0.000,0.000,0.000,0.000,0.000,"",
86.008,Right,-3.795,-0.279,-1.239,0.000,1.000,0.000,0.000,0.000,0.000,0.000,0.000,0.000,0.000,"",
86.024,Right,-3.795,-0.279,-1.239,0.000,1.000,0.000,0.000,0.000,0.000,0.000,0.000,0.000,0.000,"",
86.036,Right,-3.795,-0.279,-1.239,0.000,1.000,0.000,0.000,0.000,0.000,0.000,0.000,0.000,0.000,"",
86.049,Right,-3.795,-0.279,-1.239,0.000,1.000,0.000,0.000,0.000,0.000,0.000,0.000,0.000,0.000,"",
86.065,Right,-3.795,-0.279,-1.239,0.000,1.000,0.000,0.000,0.000,0.000,0.000,0.000,0.000,0.000,"",
86.078,Right,-3.795,-0.279,-1.239,0.000,1.000,0.000,0.000,0.000,0.000,0.000,0.000,0.000,0.000,"",
86.091,Right,-3.795,-0.279,-1.239,0.000,1.000,0.000,0.000,0.000,0.000,0.000,0.000,0.000,0.000,"",
86.107,Right,-3.795,-0.279,-1.239,0.000,1.000,0.000,0.000,0.000,0.000,0.000,0.000,0.000,0.000,"",
86.120,Right,-3.795,-0.279,-1.239,0.000,1.000,0.000,0.000,0.000,0.000,0.000,0.000,0.000,0.000,"",
86.134,Right,-3.795,-0.279,-1.239,0.000,1.000,0.000,0.000,0.000,0.000,0.000,0.000,0.000,0.000,"",
86.147,Right,-3.795,-0.279,-1.239,0.000,1.000,0.000,0.000,0.000,0.000,0.000,0.000,0.000,0.000,"",
86.162,Right,-3.795,-0.279,-1.239,0.000,1.000,0.000,0.000,0.000,0.000,0.000,0.000,0.000,0.000,"",
86.176,Right,-3.795,-0.279,-1.239,0.000,1.000,0.000,0.000,0.000,0.000,0.000,0.000,0.000,0.000,"",
86.189,Right,-3.795,-0.279,-1.239,0.000,1.000,0.000,0.000,0.000,0.000,0.000,0.000,0.000,0.000,"",
86.204,Right,-3.795,-0.279,-1.239,0.000,1.000,0.000,0.000,0.000,0.000,0.000,0.000,0.000,0.000,"",
86.218,Right,-3.795,-0.279,-1.239,0.000,1.000,0.000,0.000,0.000,0.000,0.000,0.000,0.000,0.000,"",
86.231,Right,-3.795,-0.279,-1.239,0.000,1.000,0.000,0.000,0.000,0.000,0.000,0.000,0.000,0.000,"",
86.245,Right,-3.795,-0.279,-1.239,0.000,1.000,0.000,0.000,0.000,0.000,0.000,0.000,0.000,0.000,"",
86.260,Right,-3.795,-0.279,-1.239,0.000,1.000,0.000,0.000,0.000,0.000,0.000,0.000,0.000,0.000,"",
86.273,Right,-3.795,-0.279,-1.239,0.000,1.000,0.000,0.000,0.000,0.000,0.000,0.000,0.000,0.000,"",
86.287,Right,-3.795,-0.279,-1.239,0.000,1.000,0.000,0.000,0.000,0.000,0.000,0.000,0.000,0.000,"",
86.301,Right,-3.795,-0.279,-1.239,0.000,1.000,0.000,0.000,0.000,0.000,0.000,0.000,0.000,0.000,"",
86.315,Right,-3.795,-0.279,-1.239,0.000,1.000,0.000,0.000,0.000,0.000,0.000,0.000,0.000,0.000,"",
86.328,Right,-3.795,-0.279,-1.239,0.000,1.000,0.000,0.000,0.000,0.000,0.000,0.000,0.000,0.000,"",
86.343,Right,-3.795,-0.279,-1.239,0.000,1.000,0.000,0.000,0.000,0.000,0.000,0.000,0.000,0.000,"",
86.357,Right,-3.795,-0.279,-1.239,0.000,1.000,0.000,0.000,0.000,0.000,0.000,0.000,0.000,0.000,"",
86.371,Right,-3.795,-0.279,-1.239,0.000,1.000,0.000,0.000,0.000,0.000,0.000,0.000,0.000,0.000,"",
86.386,Right,-3.795,-0.279,-1.239,0.000,1.000,0.000,0.000,0.000,0.000,0.000,0.000,0.000,0.000,"",
86.400,Right,-3.795,-0.279,-1.239,0.000,1.000,0.000,0.000,0.000,0.000,0.000,0.000,0.000,0.000,"",
86.412,Right,-3.795,-0.279,-1.239,0.000,1.000,0.000,0.000,0.000,0.000,0.000,0.000,0.000,0.000,"",
86.427,Right,-3.795,-0.279,-1.239,0.000,1.000,0.000,0.000,0.000,0.000,0.000,0.000,0.000,0.000,"",
86.442,Right,-3.795,-0.279,-1.239,0.000,1.000,0.000,0.000,0.000,0.000,0.000,0.000,0.000,0.000,"",
86.456,Right,-3.795,-0.279,-1.239,0.000,1.000,0.000,0.000,0.000,0.000,0.000,0.000,0.000,0.000,"",
86.468,Right,-3.795,-0.279,-1.239,0.000,1.000,0.000,0.000,0.000,0.000,0.000,0.000,0.000,0.000,"",
86.483,Right,-3.795,-0.279,-1.239,0.000,1.000,0.000,0.000,0.000,0.000,0.000,0.000,0.000,0.000,"",
86.497,Right,-3.795,-0.279,-1.239,0.000,1.000,0.000,0.000,0.000,0.000,0.000,0.000,0.000,0.000,"",
86.508,Right,-3.795,-0.279,-1.239,0.000,1.000,0.000,0.000,0.000,0.000,0.000,0.000,0.000,0.000,"",
86.525,Right,-3.795,-0.279,-1.239,0.000,1.000,0.000,0.000,0.000,0.000,0.000,0.000,0.000,0.000,"",
86.538,Right,-3.795,-0.279,-1.239,0.000,1.000,0.000,0.000,0.000,0.000,0.000,0.000,0.000,0.000,"",
86.550,Right,-3.795,-0.279,-1.239,0.000,1.000,0.000,0.000,0.000,0.000,0.000,0.000,0.000,0.000,"",
86.566,Right,-3.795,-0.279,-1.239,0.000,1.000,0.000,0.000,0.000,0.000,0.000,0.000,0.000,0.000,"",
86.579,Right,-3.795,-0.279,-1.239,0.000,1.000,0.000,0.000,0.000,0.000,0.000,0.000,0.000,0.000,"",
86.592,Right,-3.795,-0.279,-1.239,0.000,1.000,0.000,0.000,0.000,0.000,0.000,0.000,0.000,0.000,"",
86.608,Right,-3.795,-0.279,-1.239,0.000,1.000,0.000,0.000,0.000,0.000,0.000,0.000,0.000,0.000,"",
86.623,Right,-3.795,-0.279,-1.239,0.000,1.000,0.000,0.000,0.000,0.000,0.000,0.000,0.000,0.000,"",
86.637,Right,-3.795,-0.279,-1.239,0.000,1.000,0.000,0.000,0.000,0.000,0.000,0.000,0.000,0.000,"",
86.649,Right,-3.795,-0.279,-1.239,0.000,1.000,0.000,0.000,0.000,0.000,0.000,0.000,0.000,0.000,"",
86.667,Right,-3.795,-0.279,-1.239,0.000,1.000,0.000,0.000,0.000,0.000,0.000,0.000,0.000,0.000,"",
86.682,Right,-3.795,-0.279,-1.239,0.000,1.000,0.000,0.000,0.000,0.000,0.000,0.000,0.000,0.000,"",
86.709,Right,-3.795,-0.279,-1.239,0.000,1.000,0.000,0.000,0.000,0.000,0.000,0.000,0.000,0.000,"",
86.725,Right,-3.795,-0.279,-1.239,0.000,1.000,0.000,0.000,0.000,0.000,0.000,0.000,0.000,0.000,"",
86.750,Right,-3.795,-0.279,-1.239,0.000,1.000,0.000,0.000,0.000,0.000,0.000,0.000,0.000,0.000,"",
86.766,Right,-3.795,-0.279,-1.239,0.000,1.000,0.000,0.000,0.000,0.000,0.000,0.000,0.000,0.000,"",
86.791,Right,-3.795,-0.279,-1.239,0.000,1.000,0.000,0.000,0.000,0.000,0.000,0.000,0.000,0.000,"",
86.822,Right,-3.795,-0.279,-1.239,0.000,1.000,0.000,0.000,0.000,0.000,0.000,0.000,0.000,0.000,"",
86.850,Right,-3.795,-0.279,-1.239,0.000,1.000,0.000,0.000,0.000,0.000,0.000,0.000,0.000,0.000,"",
86.874,Right,-3.795,-0.279,-1.239,0.000,1.000,0.000,0.000,0.000,0.000,0.000,0.000,0.000,0.000,"",
86.904,Right,-3.795,-0.279,-1.239,0.000,1.000,0.000,0.000,0.000,0.000,0.000,0.000,0.000,0.000,"",
86.935,Right,-3.795,-0.279,-1.239,0.000,1.000,0.000,0.000,0.000,0.000,0.000,0.000,0.000,0.000,"",
86.961,Right,-3.795,-0.279,-1.239,0.000,1.000,0.000,0.000,0.000,0.000,0.000,0.000,0.000,0.000,"",
86.990,Right,-3.795,-0.279,-1.239,0.000,1.000,0.000,0.000,0.000,0.000,0.000,0.000,0.000,0.000,"",
87.019,Right,-3.795,-0.279,-1.239,0.000,1.000,0.000,0.000,0.000,0.000,0.000,0.000,0.000,0.000,"",
87.046,Right,-3.795,-0.279,-1.239,0.000,1.000,0.000,0.000,0.000,0.000,0.000,0.000,0.000,0.000,"",
87.075,Right,-3.795,-0.279,-1.239,0.000,1.000,0.000,0.000,0.000,0.000,0.000,0.000,0.000,0.000,"",
87.103,Right,-3.795,-0.279,-1.239,0.000,1.000,0.000,0.000,0.000,0.000,0.000,0.000,0.000,0.000,"",
87.132,Right,-3.795,-0.279,-1.239,0.000,1.000,0.000,0.000,0.000,0.000,0.000,0.000,0.000,0.000,"",
87.161,Right,-3.795,-0.279,-1.239,0.000,1.000,0.000,0.000,0.000,0.000,0.000,0.000,0.000,0.000,"",
87.190,Right,-3.795,-0.279,-1.239,0.000,1.000,0.000,0.000,0.000,0.000,0.000,0.000,0.000,0.000,"",
87.217,Right,-3.795,-0.279,-1.239,0.000,1.000,0.000,0.000,0.000,0.000,0.000,0.000,0.000,0.000,"",
87.246,Right,-3.795,-0.279,-1.239,0.000,1.000,0.000,0.000,0.000,0.000,0.000,0.000,0.000,0.000,"",
87.276,Right,-3.795,-0.279,-1.239,0.000,1.000,0.000,0.000,0.000,0.000,0.000,0.000,0.000,0.000,"",
87.301,Right,-3.795,-0.279,-1.239,0.000,1.000,0.000,0.000,0.000,0.000,0.000,0.000,0.000,0.000,"",
87.329,Right,-3.795,-0.279,-1.239,0.000,1.000,0.000,0.000,0.000,0.000,0.000,0.000,0.000,0.000,"",
87.357,Right,-3.795,-0.279,-1.239,0.000,1.000,0.000,0.000,0.000,0.000,0.000,0.000,0.000,0.000,"",
87.386,Right,-3.795,-0.279,-1.239,0.000,1.000,0.000,0.000,0.000,0.000,0.000,0.000,0.000,0.000,"",
87.414,Right,-3.795,-0.279,-1.239,0.000,1.000,0.000,0.000,0.000,0.000,0.000,0.000,0.000,0.000,"",
87.441,Right,-3.795,-0.279,-1.239,0.000,1.000,0.000,0.000,0.000,0.000,0.000,0.000,0.000,0.000,"",
87.470,Right,-3.795,-0.279,-1.239,0.000,1.000,0.000,0.000,0.000,0.000,0.000,0.000,0.000,0.000,"",
87.498,Right,-3.795,-0.279,-1.239,0.000,1.000,0.000,0.000,0.000,0.000,0.000,0.000,0.000,0.000,"",
87.526,Right,-3.795,-0.279,-1.239,0.000,1.000,0.000,0.000,0.000,0.000,0.000,0.000,0.000,0.000,"",
87.553,Right,-3.795,-0.279,-1.239,0.000,1.000,0.000,0.000,0.000,0.000,0.000,0.000,0.000,0.000,"",
87.581,Right,-3.795,-0.279,-1.239,0.000,1.000,0.000,0.000,0.000,0.000,0.000,0.000,0.000,0.000,"",
87.610,Right,-3.795,-0.279,-1.239,0.000,1.000,0.000,0.000,0.000,0.000,0.000,0.000,0.000,0.000,"",
87.637,Right,-3.795,-0.279,-1.239,0.000,1.000,0.000,0.000,0.000,0.000,0.000,0.000,0.000,0.000,"",
87.663,Right,-3.795,-0.279,-1.239,0.000,1.000,0.000,0.000,0.000,0.000,0.000,0.000,0.000,0.000,"",
87.692,Right,-3.795,-0.279,-1.239,0.000,1.000,0.000,0.000,0.000,0.000,0.000,0.000,0.000,0.000,"",
87.719,Right,-3.795,-0.279,-1.239,0.000,1.000,0.000,0.000,0.000,0.000,0.000,0.000,0.000,0.000,"",
87.748,Right,-3.795,-0.279,-1.239,0.000,1.000,0.000,0.000,0.000,0.000,0.000,0.000,0.000,0.000,"",
87.776,Right,-3.795,-0.279,-1.239,0.000,1.000,0.000,0.000,0.000,0.000,0.000,0.000,0.000,0.000,"",
87.804,Right,-3.795,-0.279,-1.239,0.000,1.000,0.000,0.000,0.000,0.000,0.000,0.000,0.000,0.000,"",
87.832,Right,-3.795,-0.279,-1.239,0.000,1.000,0.000,0.000,0.000,0.000,0.000,0.000,0.000,0.000,"",
87.860,Right,-3.795,-0.279,-1.239,0.000,1.000,0.000,0.000,0.000,0.000,0.000,0.000,0.000,0.000,"",
87.887,Right,-3.795,-0.279,-1.239,0.000,1.000,0.000,0.000,0.000,0.000,0.000,0.000,0.000,0.000,"",
87.916,Right,-3.795,-0.279,-1.239,0.000,1.000,0.000,0.000,0.000,0.000,0.000,0.000,0.000,0.000,"",
87.943,Right,-3.795,-0.279,-1.239,0.000,1.000,0.000,0.000,0.000,0.000,0.000,0.000,0.000,0.000,"",
87.972,Right,-3.795,-0.279,-1.239,0.000,1.000,0.000,0.000,0.000,0.000,0.000,0.000,0.000,0.000,"",
87.999,Right,-3.795,-0.279,-1.239,0.000,1.000,0.000,0.000,0.000,0.000,0.000,0.000,0.000,0.000,"",
88.027,Right,-3.795,-0.279,-1.239,0.000,1.000,0.000,0.000,0.000,0.000,0.000,0.000,0.000,0.000,"",
88.045,Right,-3.795,-0.279,-1.239,0.000,1.000,0.000,0.000,0.000,0.000,0.000,0.000,0.000,0.000,"",
88.069,Right,-3.795,-0.279,-1.239,0.000,1.000,0.000,0.000,0.000,0.000,0.000,0.000,0.000,0.000,"",
88.096,Right,-3.795,-0.279,-1.239,0.000,1.000,0.000,0.000,0.000,0.000,0.000,0.000,0.000,0.000,"",
88.125,Right,-3.795,-0.279,-1.239,0.000,1.000,0.000,0.000,0.000,0.000,0.000,0.000,0.000,0.000,"",
88.154,Right,-3.795,-0.279,-1.239,0.000,1.000,0.000,0.000,0.000,0.000,0.000,0.000,0.000,0.000,"",
88.181,Right,-3.795,-0.279,-1.239,0.000,1.000,0.000,0.000,0.000,0.000,0.000,0.000,0.000,0.000,"",
88.209,Right,-3.795,-0.279,-1.239,0.000,1.000,0.000,0.000,0.000,0.000,0.000,0.000,0.000,0.000,"",
88.236,Right,-3.795,-0.279,-1.239,0.000,1.000,0.000,0.000,0.000,0.000,0.000,0.000,0.000,0.000,"",
88.264,Right,-3.795,-0.279,-1.239,0.000,1.000,0.000,0.000,0.000,0.000,0.000,0.000,0.000,0.000,"",
88.293,Right,-3.795,-0.279,-1.239,0.000,1.000,0.000,0.000,0.000,0.000,0.000,0.000,0.000,0.000,"",
88.322,Right,-3.795,-0.279,-1.239,0.000,1.000,0.000,0.000,0.000,0.000,0.000,0.000,0.000,0.000,"",
88.349,Right,-3.795,-0.279,-1.239,0.000,1.000,0.000,0.000,0.000,0.000,0.000,0.000,0.000,0.000,"",
88.376,Right,-3.795,-0.279,-1.239,0.000,1.000,0.000,0.000,0.000,0.000,0.000,0.000,0.000,0.000,"",
88.403,Right,-3.795,-0.279,-1.239,0.000,1.000,0.000,0.000,0.000,0.000,0.000,0.000,0.000,0.000,"",
88.430,Right,-3.795,-0.279,-1.239,0.000,1.000,0.000,0.000,0.000,0.000,0.000,0.000,0.000,0.000,"",
88.459,Right,-3.795,-0.279,-1.239,0.000,1.000,0.000,0.000,0.000,0.000,0.000,0.000,0.000,0.000,"",
88.487,Right,-3.795,-0.279,-1.239,0.000,1.000,0.000,0.000,0.000,0.000,0.000,0.000,0.000,0.000,"",
88.516,Right,-3.795,-0.279,-1.239,0.000,1.000,0.000,0.000,0.000,0.000,0.000,0.000,0.000,0.000,"",
88.543,Right,-3.795,-0.279,-1.239,0.000,1.000,0.000,0.000,0.000,0.000,0.000,0.000,0.000,0.000,"",
88.571,Right,-3.795,-0.279,-1.239,0.000,1.000,0.000,0.000,0.000,0.000,0.000,0.000,0.000,0.000,"",
88.600,Right,-3.795,-0.279,-1.239,0.000,1.000,0.000,0.000,0.000,0.000,0.000,0.000,0.000,0.000,"",
88.628,Right,-3.795,-0.279,-1.239,0.000,1.000,0.000,0.000,0.000,0.000,0.000,0.000,0.000,0.000,"",
88.655,Right,-3.795,-0.279,-1.239,0.000,1.000,0.000,0.000,0.000,0.000,0.000,0.000,0.000,0.000,"",
88.683,Right,-3.795,-0.279,-1.239,0.000,1.000,0.000,0.000,0.000,0.000,0.000,0.000,0.000,0.000,"",
88.710,Right,-3.795,-0.279,-1.239,0.000,1.000,0.000,0.000,0.000,0.000,0.000,0.000,0.000,0.000,"",
88.738,Right,-3.795,-0.279,-1.239,0.000,1.000,0.000,0.000,0.000,0.000,0.000,0.000,0.000,0.000,"",
88.764,Right,-3.795,-0.279,-1.239,0.000,1.000,0.000,0.000,0.000,0.000,0.000,0.000,0.000,0.000,"",
88.792,Right,-3.795,-0.279,-1.239,0.000,1.000,0.000,0.000,0.000,0.000,0.000,0.000,0.000,0.000,"",
88.820,Right,-3.795,-0.279,-1.239,0.000,1.000,0.000,0.000,0.000,0.000,0.000,0.000,0.000,0.000,"",
88.848,Right,-3.795,-0.279,-1.239,0.000,1.000,0.000,0.000,0.000,0.000,0.000,0.000,0.000,0.000,"",
88.879,Right,-3.795,-0.279,-1.239,0.000,1.000,0.000,0.000,0.000,0.000,0.000,0.000,0.000,0.000,"",
88.906,Right,-3.795,-0.279,-1.239,0.000,1.000,0.000,0.000,0.000,0.000,0.000,0.000,0.000,0.000,"",
88.934,Right,-3.795,-0.279,-1.239,0.000,1.000,0.000,0.000,0.000,0.000,0.000,0.000,0.000,0.000,"",
88.960,Right,-3.795,-0.279,-1.239,0.000,1.000,0.000,0.000,0.000,0.000,0.000,0.000,0.000,0.000,"",
88.987,Right,-3.795,-0.279,-1.239,0.000,1.000,0.000,0.000,0.000,0.000,0.000,0.000,0.000,0.000,"",
89.015,Right,-3.795,-0.279,-1.239,0.000,1.000,0.000,0.000,0.000,0.000,0.000,0.000,0.000,0.000,"",
89.043,Right,-3.795,-0.279,-1.239,0.000,1.000,0.000,0.000,0.000,0.000,0.000,0.000,0.000,0.000,"",
89.072,Right,-3.795,-0.279,-1.239,0.000,1.000,0.000,0.000,0.000,0.000,0.000,0.000,0.000,0.000,"",
89.099,Right,-3.795,-0.279,-1.239,0.000,1.000,0.000,0.000,0.000,0.000,0.000,0.000,0.000,0.000,"",
89.127,Right,-3.795,-0.279,-1.239,0.000,1.000,0.000,0.000,0.000,0.000,0.000,0.000,0.000,0.000,"",
89.157,Right,-3.795,-0.279,-1.239,0.000,1.000,0.000,0.000,0.000,0.000,0.000,0.000,0.000,0.000,"",
89.184,Right,-3.795,-0.279,-1.239,0.000,1.000,0.000,0.000,0.000,0.000,0.000,0.000,0.000,0.000,"",
89.213,Right,-3.795,-0.279,-1.239,0.000,1.000,0.000,0.000,0.000,0.000,0.000,0.000,0.000,0.000,"",
89.240,Right,-3.795,-0.279,-1.239,0.000,1.000,0.000,0.000,0.000,0.000,0.000,0.000,0.000,0.000,"",
89.267,Right,-3.795,-0.279,-1.239,0.000,1.000,0.000,0.000,0.000,0.000,0.000,0.000,0.000,0.000,"",
89.298,Right,-3.795,-0.279,-1.239,0.000,1.000,0.000,0.000,0.000,0.000,0.000,0.000,0.000,0.000,"",
89.326,Right,-3.795,-0.279,-1.239,0.000,1.000,0.000,0.000,0.000,0.000,0.000,0.000,0.000,0.000,"",
89.350,Right,-3.795,-0.279,-1.239,0.000,1.000,0.000,0.000,0.000,0.000,0.000,0.000,0.000,0.000,"",
89.376,Right,-3.795,-0.279,-1.239,0.000,1.000,0.000,0.000,0.000,0.000,0.000,0.000,0.000,0.000,"",
89.404,Right,-3.795,-0.279,-1.239,0.000,1.000,0.000,0.000,0.000,0.000,0.000,0.000,0.000,0.000,"",
89.434,Right,-3.795,-0.279,-1.239,0.000,1.000,0.000,0.000,0.000,0.000,0.000,0.000,0.000,0.000,"",
89.461,Right,-3.795,-0.279,-1.239,0.000,1.000,0.000,0.000,0.000,0.000,0.000,0.000,0.000,0.000,"",
89.490,Right,-3.795,-0.279,-1.239,0.000,1.000,0.000,0.000,0.000,0.000,0.000,0.000,0.000,0.000,"",
89.517,Right,-3.795,-0.279,-1.239,0.000,1.000,0.000,0.000,0.000,0.000,0.000,0.000,0.000,0.000,"",
89.544,Right,-3.795,-0.279,-1.239,0.000,1.000,0.000,0.000,0.000,0.000,0.000,0.000,0.000,0.000,"",
89.574,Right,-3.795,-0.279,-1.239,0.000,1.000,0.000,0.000,0.000,0.000,0.000,0.000,0.000,0.000,"",
89.600,Right,-3.795,-0.279,-1.239,0.000,1.000,0.000,0.000,0.000,0.000,0.000,0.000,0.000,0.000,"",
89.629,Right,-3.795,-0.279,-1.239,0.000,1.000,0.000,0.000,0.000,0.000,0.000,0.000,0.000,0.000,"",
89.656,Right,-3.795,-0.279,-1.239,0.000,1.000,0.000,0.000,0.000,0.000,0.000,0.000,0.000,0.000,"",
89.684,Right,-3.795,-0.279,-1.239,0.000,1.000,0.000,0.000,0.000,0.000,0.000,0.000,0.000,0.000,"",
89.710,Right,-3.795,-0.279,-1.239,0.000,1.000,0.000,0.000,0.000,0.000,0.000,0.000,0.000,0.000,"",
89.737,Right,-3.795,-0.279,-1.239,0.000,1.000,0.000,0.000,0.000,0.000,0.000,0.000,0.000,0.000,"",
89.756,Right,-3.795,-0.279,-1.239,0.000,1.000,0.000,0.000,0.000,0.000,0.000,0.000,0.000,0.000,"",
89.783,Right,-3.795,-0.279,-1.239,0.000,1.000,0.000,0.000,0.000,0.000,0.000,0.000,0.000,0.000,"",
89.815,Right,-3.795,-0.279,-1.239,0.000,1.000,0.000,0.000,0.000,0.000,0.000,0.000,0.000,0.000,"",
89.840,Right,-3.795,-0.279,-1.239,0.000,1.000,0.000,0.000,0.000,0.000,0.000,0.000,0.000,0.000,"",
89.869,Right,-3.795,-0.279,-1.239,0.000,1.000,0.000,0.000,0.000,0.000,0.000,0.000,0.000,0.000,"",
89.894,Right,-3.795,-0.279,-1.239,0.000,1.000,0.000,0.000,0.000,0.000,0.000,0.000,0.000,0.000,"",
89.922,Right,-3.795,-0.279,-1.239,0.000,1.000,0.000,0.000,0.000,0.000,0.000,0.000,0.000,0.000,"",
89.952,Right,-3.795,-0.279,-1.239,0.000,1.000,0.000,0.000,0.000,0.000,0.000,0.000,0.000,0.000,"",
89.977,Right,-3.795,-0.279,-1.239,0.000,1.000,0.000,0.000,0.000,0.000,0.000,0.000,0.000,0.000,"",
90.004,Right,-3.795,-0.279,-1.239,0.000,1.000,0.000,0.000,0.000,0.000,0.000,0.000,0.000,0.000,"",
90.033,Right,-3.795,-0.279,-1.239,0.000,1.000,0.000,0.000,0.000,0.000,0.000,0.000,0.000,0.000,"",
90.060,Right,-3.795,-0.279,-1.239,0.000,1.000,0.000,0.000,0.000,0.000,0.000,0.000,0.000,0.000,"",
90.087,Right,-3.795,-0.279,-1.239,0.000,1.000,0.000,0.000,0.000,0.000,0.000,0.000,0.000,0.000,"",
90.117,Right,-3.795,-0.279,-1.239,0.000,1.000,0.000,0.000,0.000,0.000,0.000,0.000,0.000,0.000,"",
90.145,Right,-3.795,-0.279,-1.239,0.000,1.000,0.000,0.000,0.000,0.000,0.000,0.000,0.000,0.000,"",
90.174,Right,-3.795,-0.279,-1.239,0.000,1.000,0.000,0.000,0.000,0.000,0.000,0.000,0.000,0.000,"",
90.199,Right,-3.795,-0.279,-1.239,0.000,1.000,0.000,0.000,0.000,0.000,0.000,0.000,0.000,0.000,"",
90.227,Right,-3.795,-0.279,-1.239,0.000,1.000,0.000,0.000,0.000,0.000,0.000,0.000,0.000,0.000,"",
90.255,Right,-3.795,-0.279,-1.239,0.000,1.000,0.000,0.000,0.000,0.000,0.000,0.000,0.000,0.000,"",
90.283,Right,-3.795,-0.279,-1.239,0.000,1.000,0.000,0.000,0.000,0.000,0.000,0.000,0.000,0.000,"",
90.310,Right,-3.795,-0.279,-1.239,0.000,1.000,0.000,0.000,0.000,0.000,0.000,0.000,0.000,0.000,"",
90.337,Right,-3.795,-0.279,-1.239,0.000,1.000,0.000,0.000,0.000,0.000,0.000,0.000,0.000,0.000,"",
90.365,Right,-3.795,-0.279,-1.239,0.000,1.000,0.000,0.000,0.000,0.000,0.000,0.000,0.000,0.000,"",
90.393,Right,-3.795,-0.279,-1.239,0.000,1.000,0.000,0.000,0.000,0.000,0.000,0.000,0.000,0.000,"",
90.422,Right,-3.795,-0.279,-1.239,0.000,1.000,0.000,0.000,0.000,0.000,0.000,0.000,0.000,0.000,"",
90.450,Right,-3.795,-0.279,-1.239,0.000,1.000,0.000,0.000,0.000,0.000,0.000,0.000,0.000,0.000,"",
90.478,Right,-3.795,-0.279,-1.239,0.000,1.000,0.000,0.000,0.000,0.000,0.000,0.000,0.000,0.000,"",
90.506,Right,-3.795,-0.279,-1.239,0.000,1.000,0.000,0.000,0.000,0.000,0.000,0.000,0.000,0.000,"",
90.534,Right,-3.795,-0.279,-1.239,0.000,1.000,0.000,0.000,0.000,0.000,0.000,0.000,0.000,0.000,"",
90.562,Right,-3.795,-0.279,-1.239,0.000,1.000,0.000,0.000,0.000,0.000,0.000,0.000,0.000,0.000,"",
90.589,Right,-3.795,-0.279,-1.239,0.000,1.000,0.000,0.000,0.000,0.000,0.000,0.000,0.000,0.000,"",
90.617,Right,-3.795,-0.279,-1.239,0.000,1.000,0.000,0.000,0.000,0.000,0.000,0.000,0.000,0.000,"",
90.645,Right,-3.795,-0.279,-1.239,0.000,1.000,0.000,0.000,0.000,0.000,0.000,0.000,0.000,0.000,"",
90.675,Right,-3.795,-0.279,-1.239,0.000,1.000,0.000,0.000,0.000,0.000,0.000,0.000,0.000,0.000,"",
90.700,Right,-3.795,-0.279,-1.239,0.000,1.000,0.000,0.000,0.000,0.000,0.000,0.000,0.000,0.000,"",
90.728,Right,-3.795,-0.279,-1.239,0.000,1.000,0.000,0.000,0.000,0.000,0.000,0.000,0.000,0.000,"",
90.756,Right,-3.795,-0.279,-1.239,0.000,1.000,0.000,0.000,0.000,0.000,0.000,0.000,0.000,0.000,"",
90.785,Right,-3.795,-0.279,-1.239,0.000,1.000,0.000,0.000,0.000,0.000,0.000,0.000,0.000,0.000,"",
90.813,Right,-3.795,-0.279,-1.239,0.000,1.000,0.000,0.000,0.000,0.000,0.000,0.000,0.000,0.000,"",
90.840,Right,-3.795,-0.279,-1.239,0.000,1.000,0.000,0.000,0.000,0.000,0.000,0.000,0.000,0.000,"",
90.868,Right,-3.795,-0.279,-1.239,0.000,1.000,0.000,0.000,0.000,0.000,0.000,0.000,0.000,0.000,"",
90.896,Right,-3.795,-0.279,-1.239,0.000,1.000,0.000,0.000,0.000,0.000,0.000,0.000,0.000,0.000,"",
90.925,Right,-3.795,-0.279,-1.239,0.000,1.000,0.000,0.000,0.000,0.000,0.000,0.000,0.000,0.000,"",
90.953,Right,-3.795,-0.279,-1.239,0.000,1.000,0.000,0.000,0.000,0.000,0.000,0.000,0.000,0.000,"",
90.981,Right,-3.795,-0.279,-1.239,0.000,1.000,0.000,0.000,0.000,0.000,0.000,0.000,0.000,0.000,"",
91.010,Right,-3.795,-0.279,-1.239,0.000,1.000,0.000,0.000,0.000,0.000,0.000,0.000,0.000,0.000,"",
91.036,Right,-3.795,-0.279,-1.239,0.000,1.000,0.000,0.000,0.000,0.000,0.000,0.000,0.000,0.000,"",
91.064,Right,-3.795,-0.279,-1.239,0.000,1.000,0.000,0.000,0.000,0.000,0.000,0.000,0.000,0.000,"",
91.091,Right,-3.795,-0.279,-1.239,0.000,1.000,0.000,0.000,0.000,0.000,0.000,0.000,0.000,0.000,"",
91.118,Right,-3.795,-0.279,-1.239,0.000,1.000,0.000,0.000,0.000,0.000,0.000,0.000,0.000,0.000,"",
91.145,Right,-3.795,-0.279,-1.239,0.000,1.000,0.000,0.000,0.000,0.000,0.000,0.000,0.000,0.000,"",
91.174,Right,-3.795,-0.279,-1.239,0.000,1.000,0.000,0.000,0.000,0.000,0.000,0.000,0.000,0.000,"",
91.201,Right,-3.795,-0.279,-1.239,0.000,1.000,0.000,0.000,0.000,0.000,0.000,0.000,0.000,0.000,"",
91.229,Right,-3.795,-0.279,-1.239,0.000,1.000,0.000,0.000,0.000,0.000,0.000,0.000,0.000,0.000,"",
91.257,Right,-3.795,-0.279,-1.239,0.000,1.000,0.000,0.000,0.000,0.000,0.000,0.000,0.000,0.000,"",
91.286,Right,-3.795,-0.279,-1.239,0.000,1.000,0.000,0.000,0.000,0.000,0.000,0.000,0.000,0.000,"",
91.314,Right,-3.795,-0.279,-1.239,0.000,1.000,0.000,0.000,0.000,0.000,0.000,0.000,0.000,0.000,"",
91.342,Right,-3.795,-0.279,-1.239,0.000,1.000,0.000,0.000,0.000,0.000,0.000,0.000,0.000,0.000,"",
91.371,Right,-3.795,-0.279,-1.239,0.000,1.000,0.000,0.000,0.000,0.000,0.000,0.000,0.000,0.000,"",
91.398,Right,-3.795,-0.279,-1.239,0.000,1.000,0.000,0.000,0.000,0.000,0.000,0.000,0.000,0.000,"",
91.424,Right,-3.795,-0.279,-1.239,0.000,1.000,0.000,0.000,0.000,0.000,0.000,0.000,0.000,0.000,"",
91.453,Right,-3.795,-0.279,-1.239,0.000,1.000,0.000,0.000,0.000,0.000,0.000,0.000,0.000,0.000,"",
91.484,Right,-3.795,-0.279,-1.239,0.000,1.000,0.000,0.000,0.000,0.000,0.000,0.000,0.000,0.000,"",
91.509,Right,-3.795,-0.279,-1.239,0.000,1.000,0.000,0.000,0.000,0.000,0.000,0.000,0.000,0.000,"",
91.537,Right,-3.795,-0.279,-1.239,0.000,1.000,0.000,0.000,0.000,0.000,0.000,0.000,0.000,0.000,"",
91.564,Right,-3.795,-0.279,-1.239,0.000,1.000,0.000,0.000,0.000,0.000,0.000,0.000,0.000,0.000,"",
91.592,Right,-3.795,-0.279,-1.239,0.000,1.000,0.000,0.000,0.000,0.000,0.000,0.000,0.000,0.000,"",
91.620,Right,-3.795,-0.279,-1.239,0.000,1.000,0.000,0.000,0.000,0.000,0.000,0.000,0.000,0.000,"",
91.647,Right,-3.795,-0.279,-1.239,0.000,1.000,0.000,0.000,0.000,0.000,0.000,0.000,0.000,0.000,"",
91.677,Right,-3.795,-0.279,-1.239,0.000,1.000,0.000,0.000,0.000,0.000,0.000,0.000,0.000,0.000,"",
91.704,Right,-3.795,-0.279,-1.239,0.000,1.000,0.000,0.000,0.000,0.000,0.000,0.000,0.000,0.000,"",
91.734,Right,-3.795,-0.279,-1.239,0.000,1.000,0.000,0.000,0.000,0.000,0.000,0.000,0.000,0.000,"",
91.763,Right,-3.795,-0.279,-1.239,0.000,1.000,0.000,0.000,0.000,0.000,0.000,0.000,0.000,0.000,"",
91.793,Right,-3.795,-0.279,-1.239,0.000,1.000,0.000,0.000,0.000,0.000,0.000,0.000,0.000,0.000,"",
91.821,Right,-3.795,-0.279,-1.239,0.000,1.000,0.000,0.000,0.000,0.000,0.000,0.000,0.000,0.000,"",
91.844,Right,-3.795,-0.279,-1.239,0.000,1.000,0.000,0.000,0.000,0.000,0.000,0.000,0.000,0.000,"",
91.872,Right,-3.795,-0.279,-1.239,0.000,1.000,0.000,0.000,0.000,0.000,0.000,0.000,0.000,0.000,"",
91.900,Right,-3.795,-0.279,-1.239,0.000,1.000,0.000,0.000,0.000,0.000,0.000,0.000,0.000,0.000,"",
91.927,Right,-3.795,-0.279,-1.239,0.000,1.000,0.000,0.000,0.000,0.000,0.000,0.000,0.000,0.000,"",
91.953,Right,-3.795,-0.279,-1.239,0.000,1.000,0.000,0.000,0.000,0.000,0.000,0.000,0.000,0.000,"",
91.980,Right,-3.795,-0.279,-1.239,0.000,1.000,0.000,0.000,0.000,0.000,0.000,0.000,0.000,0.000,"",
92.009,Right,-3.795,-0.279,-1.239,0.000,1.000,0.000,0.000,0.000,0.000,0.000,0.000,0.000,0.000,"",
92.037,Right,-3.795,-0.279,-1.239,0.000,1.000,0.000,0.000,0.000,0.000,0.000,0.000,0.000,0.000,"",
92.064,Right,-3.795,-0.279,-1.239,0.000,1.000,0.000,0.000,0.000,0.000,0.000,0.000,0.000,0.000,"",
92.092,Right,-3.795,-0.279,-1.239,0.000,1.000,0.000,0.000,0.000,0.000,0.000,0.000,0.000,0.000,"",
92.120,Right,-3.795,-0.279,-1.239,0.000,1.000,0.000,0.000,0.000,0.000,0.000,0.000,0.000,0.000,"",
92.148,Right,-3.795,-0.279,-1.239,0.000,1.000,0.000,0.000,0.000,0.000,0.000,0.000,0.000,0.000,"",
92.176,Right,-3.795,-0.279,-1.239,0.000,1.000,0.000,0.000,0.000,0.000,0.000,0.000,0.000,0.000,"",
92.203,Right,-3.795,-0.279,-1.239,0.000,1.000,0.000,0.000,0.000,0.000,0.000,0.000,0.000,0.000,"",
92.233,Right,-3.795,-0.279,-1.239,0.000,1.000,0.000,0.000,0.000,0.000,0.000,0.000,0.000,0.000,"",
92.259,Right,-3.795,-0.279,-1.239,0.000,1.000,0.000,0.000,0.000,0.000,0.000,0.000,0.000,0.000,"",
92.285,Right,-3.795,-0.279,-1.239,0.000,1.000,0.000,0.000,0.000,0.000,0.000,0.000,0.000,0.000,"",
92.314,Right,-3.795,-0.279,-1.239,0.000,1.000,0.000,0.000,0.000,0.000,0.000,0.000,0.000,0.000,"",
92.340,Right,-3.795,-0.279,-1.239,0.000,1.000,0.000,0.000,0.000,0.000,0.000,0.000,0.000,0.000,"",
92.368,Right,-3.795,-0.279,-1.239,0.000,1.000,0.000,0.000,0.000,0.000,0.000,0.000,0.000,0.000,"",
92.397,Right,-3.795,-0.279,-1.239,0.000,1.000,0.000,0.000,0.000,0.000,0.000,0.000,0.000,0.000,"",
92.426,Right,-3.795,-0.279,-1.239,0.000,1.000,0.000,0.000,0.000,0.000,0.000,0.000,0.000,0.000,"",
92.453,Right,-3.795,-0.279,-1.239,0.000,1.000,0.000,0.000,0.000,0.000,0.000,0.000,0.000,0.000,"",
92.482,Right,-3.795,-0.279,-1.239,0.000,1.000,0.000,0.000,0.000,0.000,0.000,0.000,0.000,0.000,"",
92.511,Right,-3.795,-0.279,-1.239,0.000,1.000,0.000,0.000,0.000,0.000,0.000,0.000,0.000,0.000,"",
92.539,Right,-3.795,-0.279,-1.239,0.000,1.000,0.000,0.000,0.000,0.000,0.000,0.000,0.000,0.000,"",
92.566,Right,-3.795,-0.279,-1.239,0.000,1.000,0.000,0.000,0.000,0.000,0.000,0.000,0.000,0.000,"",
92.593,Right,-3.795,-0.279,-1.239,0.000,1.000,0.000,0.000,0.000,0.000,0.000,0.000,0.000,0.000,"",
92.622,Right,-3.795,-0.279,-1.239,0.000,1.000,0.000,0.000,0.000,0.000,0.000,0.000,0.000,0.000,"",
92.649,Right,-3.795,-0.279,-1.239,0.000,1.000,0.000,0.000,0.000,0.000,0.000,0.000,0.000,0.000,"",
92.677,Right,-3.795,-0.279,-1.239,0.000,1.000,0.000,0.000,0.000,0.000,0.000,0.000,0.000,0.000,"",
92.705,Right,-3.795,-0.279,-1.239,0.000,1.000,0.000,0.000,0.000,0.000,0.000,0.000,0.000,0.000,"",
92.733,Right,-3.795,-0.279,-1.239,0.000,1.000,0.000,0.000,0.000,0.000,0.000,0.000,0.000,0.000,"",
92.760,Right,-3.795,-0.279,-1.239,0.000,1.000,0.000,0.000,0.000,0.000,0.000,0.000,0.000,0.000,"",
92.788,Right,-3.795,-0.279,-1.239,0.000,1.000,0.000,0.000,0.000,0.000,0.000,0.000,0.000,0.000,"",
92.817,Right,-3.795,-0.279,-1.239,0.000,1.000,0.000,0.000,0.000,0.000,0.000,0.000,0.000,0.000,"",
92.844,Right,-3.795,-0.279,-1.239,0.000,1.000,0.000,0.000,0.000,0.000,0.000,0.000,0.000,0.000,"",
92.874,Right,-3.795,-0.279,-1.239,0.000,1.000,0.000,0.000,0.000,0.000,0.000,0.000,0.000,0.000,"",
92.899,Right,-3.795,-0.279,-1.239,0.000,1.000,0.000,0.000,0.000,0.000,0.000,0.000,0.000,0.000,"",
92.927,Right,-3.795,-0.279,-1.239,0.000,1.000,0.000,0.000,0.000,0.000,0.000,0.000,0.000,0.000,"",
92.955,Right,-3.795,-0.279,-1.239,0.000,1.000,0.000,0.000,0.000,0.000,0.000,0.000,0.000,0.000,"",
92.984,Right,-3.795,-0.279,-1.239,0.000,1.000,0.000,0.000,0.000,0.000,0.000,0.000,0.000,0.000,"",
93.012,Right,-3.795,-0.279,-1.239,0.000,1.000,0.000,0.000,0.000,0.000,0.000,0.000,0.000,0.000,"",
93.039,Right,-3.795,-0.279,-1.239,0.000,1.000,0.000,0.000,0.000,0.000,0.000,0.000,0.000,0.000,"",
93.067,Right,-3.795,-0.279,-1.239,0.000,1.000,0.000,0.000,0.000,0.000,0.000,0.000,0.000,0.000,"",
93.095,Right,-3.795,-0.279,-1.239,0.000,1.000,0.000,0.000,0.000,0.000,0.000,0.000,0.000,0.000,"",
93.123,Right,-3.795,-0.279,-1.239,0.000,1.000,0.000,0.000,0.000,0.000,0.000,0.000,0.000,0.000,"",
93.153,Right,-3.795,-0.279,-1.239,0.000,1.000,0.000,0.000,0.000,0.000,0.000,0.000,0.000,0.000,"",
93.179,Right,-3.795,-0.279,-1.239,0.000,1.000,0.000,0.000,0.000,0.000,0.000,0.000,0.000,0.000,"",
93.205,Right,-3.795,-0.279,-1.239,0.000,1.000,0.000,0.000,0.000,0.000,0.000,0.000,0.000,0.000,"",
93.234,Right,-3.795,-0.279,-1.239,0.000,1.000,0.000,0.000,0.000,0.000,0.000,0.000,0.000,0.000,"",
93.261,Right,-3.795,-0.279,-1.239,0.000,1.000,0.000,0.000,0.000,0.000,0.000,0.000,0.000,0.000,"",
93.290,Right,-3.795,-0.279,-1.239,0.000,1.000,0.000,0.000,0.000,0.000,0.000,0.000,0.000,0.000,"",
93.318,Right,-3.795,-0.279,-1.239,0.000,1.000,0.000,0.000,0.000,0.000,0.000,0.000,0.000,0.000,"",
93.346,Right,-3.795,-0.279,-1.239,0.000,1.000,0.000,0.000,0.000,0.000,0.000,0.000,0.000,0.000,"",
93.374,Right,-3.795,-0.279,-1.239,0.000,1.000,0.000,0.000,0.000,0.000,0.000,0.000,0.000,0.000,"",
93.402,Right,-3.795,-0.279,-1.239,0.000,1.000,0.000,0.000,0.000,0.000,0.000,0.000,0.000,0.000,"",
93.431,Right,-3.795,-0.279,-1.239,0.000,1.000,0.000,0.000,0.000,0.000,0.000,0.000,0.000,0.000,"",
93.459,Right,-3.795,-0.279,-1.239,0.000,1.000,0.000,0.000,0.000,0.000,0.000,0.000,0.000,0.000,"",
93.485,Right,-3.795,-0.279,-1.239,0.000,1.000,0.000,0.000,0.000,0.000,0.000,0.000,0.000,0.000,"",
93.513,Right,-3.795,-0.279,-1.239,0.000,1.000,0.000,0.000,0.000,0.000,0.000,0.000,0.000,0.000,"",
93.540,Right,-3.795,-0.279,-1.239,0.000,1.000,0.000,0.000,0.000,0.000,0.000,0.000,0.000,0.000,"",
93.569,Right,-3.795,-0.279,-1.239,0.000,1.000,0.000,0.000,0.000,0.000,0.000,0.000,0.000,0.000,"",
93.597,Right,-3.795,-0.279,-1.239,0.000,1.000,0.000,0.000,0.000,0.000,0.000,0.000,0.000,0.000,"",
93.624,Right,-3.795,-0.279,-1.239,0.000,1.000,0.000,0.000,0.000,0.000,0.000,0.000,0.000,0.000,"",
93.653,Right,-3.795,-0.279,-1.239,0.000,1.000,0.000,0.000,0.000,0.000,0.000,0.000,0.000,0.000,"",
93.681,Right,-3.795,-0.279,-1.239,0.000,1.000,0.000,0.000,0.000,0.000,0.000,0.000,0.000,0.000,"",
93.710,Right,-3.795,-0.279,-1.239,0.000,1.000,0.000,0.000,0.000,0.000,0.000,0.000,0.000,0.000,"",
93.735,Right,-3.795,-0.279,-1.239,0.000,1.000,0.000,0.000,0.000,0.000,0.000,0.000,0.000,0.000,"",
93.763,Right,-3.795,-0.279,-1.239,0.000,1.000,0.000,0.000,0.000,0.000,0.000,0.000,0.000,0.000,"",
93.794,Right,-3.795,-0.279,-1.239,0.000,1.000,0.000,0.000,0.000,0.000,0.000,0.000,0.000,0.000,"",
93.819,Right,-3.795,-0.279,-1.239,0.000,1.000,0.000,0.000,0.000,0.000,0.000,0.000,0.000,0.000,"",
93.846,Right,-3.795,-0.279,-1.239,0.000,1.000,0.000,0.000,0.000,0.000,0.000,0.000,0.000,0.000,"",
93.875,Right,-3.795,-0.279,-1.239,0.000,1.000,0.000,0.000,0.000,0.000,0.000,0.000,0.000,0.000,"",
93.902,Right,-3.795,-0.279,-1.239,0.000,1.000,0.000,0.000,0.000,0.000,0.000,0.000,0.000,0.000,"",
93.930,Right,-3.795,-0.279,-1.239,0.000,1.000,0.000,0.000,0.000,0.000,0.000,0.000,0.000,0.000,"",
93.958,Right,-3.795,-0.279,-1.239,0.000,1.000,0.000,0.000,0.000,0.000,0.000,0.000,0.000,0.000,"",
93.986,Right,-3.795,-0.279,-1.239,0.000,1.000,0.000,0.000,0.000,0.000,0.000,0.000,0.000,0.000,"",
94.015,Right,-3.795,-0.279,-1.239,0.000,1.000,0.000,0.000,0.000,0.000,0.000,0.000,0.000,0.000,"",
94.042,Right,-3.795,-0.279,-1.239,0.000,1.000,0.000,0.000,0.000,0.000,0.000,0.000,0.000,0.000,"",
94.070,Right,-3.795,-0.279,-1.239,0.000,1.000,0.000,0.000,0.000,0.000,0.000,0.000,0.000,0.000,"",
94.098,Right,-3.795,-0.279,-1.239,0.000,1.000,0.000,0.000,0.000,0.000,0.000,0.000,0.000,0.000,"",
94.126,Right,-3.795,-0.279,-1.239,0.000,1.000,0.000,0.000,0.000,0.000,0.000,0.000,0.000,0.000,"",
94.156,Right,-3.795,-0.279,-1.239,0.000,1.000,0.000,0.000,0.000,0.000,0.000,0.000,0.000,0.000,"",
94.182,Right,-3.795,-0.279,-1.239,0.000,1.000,0.000,0.000,0.000,0.000,0.000,0.000,0.000,0.000,"",
94.210,Right,-3.795,-0.279,-1.239,0.000,1.000,0.000,0.000,0.000,0.000,0.000,0.000,0.000,0.000,"",
94.237,Right,-3.795,-0.279,-1.239,0.000,1.000,0.000,0.000,0.000,0.000,0.000,0.000,0.000,0.000,"",
94.266,Right,-3.795,-0.279,-1.239,0.000,1.000,0.000,0.000,0.000,0.000,0.000,0.000,0.000,0.000,"",
94.294,Right,-3.795,-0.279,-1.239,0.000,1.000,0.000,0.000,0.000,0.000,0.000,0.000,0.000,0.000,"",
94.321,Right,-3.795,-0.279,-1.239,0.000,1.000,0.000,0.000,0.000,0.000,0.000,0.000,0.000,0.000,"",
94.350,Right,-3.795,-0.279,-1.239,0.000,1.000,0.000,0.000,0.000,0.000,0.000,0.000,0.000,0.000,"",
94.377,Right,-3.795,-0.279,-1.239,0.000,1.000,0.000,0.000,0.000,0.000,0.000,0.000,0.000,0.000,"",
94.404,Right,-3.795,-0.279,-1.239,0.000,1.000,0.000,0.000,0.000,0.000,0.000,0.000,0.000,0.000,"",
94.435,Right,-3.795,-0.279,-1.239,0.000,1.000,0.000,0.000,0.000,0.000,0.000,0.000,0.000,0.000,"",
94.461,Right,-3.795,-0.279,-1.239,0.000,1.000,0.000,0.000,0.000,0.000,0.000,0.000,0.000,0.000,"",
94.495,Right,-3.795,-0.279,-1.239,0.000,1.000,0.000,0.000,0.000,0.000,0.000,0.000,0.000,0.000,"",
94.515,Right,-3.795,-0.279,-1.239,0.000,1.000,0.000,0.000,0.000,0.000,0.000,0.000,0.000,0.000,"",
94.551,Right,-3.795,-0.279,-1.239,0.000,1.000,0.000,0.000,0.000,0.000,0.000,0.000,0.000,0.000,"",
94.575,Right,-3.795,-0.279,-1.239,0.000,1.000,0.000,0.000,0.000,0.000,0.000,0.000,0.000,0.000,"",
94.603,Right,-3.795,-0.279,-1.239,0.000,1.000,0.000,0.000,0.000,0.000,0.000,0.000,0.000,0.000,"",
94.630,Right,-3.795,-0.279,-1.239,0.000,1.000,0.000,0.000,0.000,0.000,0.000,0.000,0.000,0.000,"",
94.656,Right,-3.795,-0.279,-1.239,0.000,1.000,0.000,0.000,0.000,0.000,0.000,0.000,0.000,0.000,"",
94.683,Right,-3.795,-0.279,-1.239,0.000,1.000,0.000,0.000,0.000,0.000,0.000,0.000,0.000,0.000,"",
94.711,Right,-3.795,-0.279,-1.239,0.000,1.000,0.000,0.000,0.000,0.000,0.000,0.000,0.000,0.000,"",
94.738,Right,-3.795,-0.279,-1.239,0.000,1.000,0.000,0.000,0.000,0.000,0.000,0.000,0.000,0.000,"",
94.768,Right,-3.795,-0.279,-1.239,0.000,1.000,0.000,0.000,0.000,0.000,0.000,0.000,0.000,0.000,"",
94.793,Right,-3.795,-0.279,-1.239,0.000,1.000,0.000,0.000,0.000,0.000,0.000,0.000,0.000,0.000,"",
94.820,Right,-3.795,-0.279,-1.239,0.000,1.000,0.000,0.000,0.000,0.000,0.000,0.000,0.000,0.000,"",
94.849,Right,-3.795,-0.279,-1.239,0.000,1.000,0.000,0.000,0.000,0.000,0.000,0.000,0.000,0.000,"",
94.875,Right,-3.795,-0.279,-1.239,0.000,1.000,0.000,0.000,0.000,0.000,0.000,0.000,0.000,0.000,"",
94.903,Right,-3.795,-0.279,-1.239,0.000,1.000,0.000,0.000,0.000,0.000,0.000,0.000,0.000,0.000,"",
94.934,Right,-3.795,-0.279,-1.239,0.000,1.000,0.000,0.000,0.000,0.000,0.000,0.000,0.000,0.000,"",
94.960,Right,-3.795,-0.279,-1.239,0.000,1.000,0.000,0.000,0.000,0.000,0.000,0.000,0.000,0.000,"",
94.989,Right,-3.795,-0.279,-1.239,0.000,1.000,0.000,0.000,0.000,0.000,0.000,0.000,0.000,0.000,"",
95.017,Right,-3.795,-0.279,-1.239,0.000,1.000,0.000,0.000,0.000,0.000,0.000,0.000,0.000,0.000,"",
95.042,Right,-3.795,-0.279,-1.239,0.000,1.000,0.000,0.000,0.000,0.000,0.000,0.000,0.000,0.000,"",
95.072,Right,-3.795,-0.279,-1.239,0.000,1.000,0.000,0.000,0.000,0.000,0.000,0.000,0.000,0.000,"",
95.099,Right,-3.795,-0.279,-1.239,0.000,1.000,0.000,0.000,0.000,0.000,0.000,0.000,0.000,0.000,"",
95.126,Right,-3.795,-0.279,-1.239,0.000,1.000,0.000,0.000,0.000,0.000,0.000,0.000,0.000,0.000,"",
95.155,Right,-3.795,-0.279,-1.239,0.000,1.000,0.000,0.000,0.000,0.000,0.000,0.000,0.000,0.000,"",
95.183,Right,-3.795,-0.279,-1.239,0.000,1.000,0.000,0.000,0.000,0.000,0.000,0.000,0.000,0.000,"",
95.213,Right,-3.795,-0.279,-1.239,0.000,1.000,0.000,0.000,0.000,0.000,0.000,0.000,0.000,0.000,"",
95.240,Right,-3.795,-0.279,-1.239,0.000,1.000,0.000,0.000,0.000,0.000,0.000,0.000,0.000,0.000,"",
95.268,Right,-3.795,-0.279,-1.239,0.000,1.000,0.000,0.000,0.000,0.000,0.000,0.000,0.000,0.000,"",
95.294,Right,-3.795,-0.279,-1.239,0.000,1.000,0.000,0.000,0.000,0.000,0.000,0.000,0.000,0.000,"",
95.321,Right,-3.795,-0.279,-1.239,0.000,1.000,0.000,0.000,0.000,0.000,0.000,0.000,0.000,0.000,"",
95.350,Right,-3.795,-0.279,-1.239,0.000,1.000,0.000,0.000,0.000,0.000,0.000,0.000,0.000,0.000,"",
95.378,Right,-3.795,-0.279,-1.239,0.000,1.000,0.000,0.000,0.000,0.000,0.000,0.000,0.000,0.000,"",
95.406,Right,-3.795,-0.279,-1.239,0.000,1.000,0.000,0.000,0.000,0.000,0.000,0.000,0.000,0.000,"",
95.434,Right,-3.795,-0.279,-1.239,0.000,1.000,0.000,0.000,0.000,0.000,0.000,0.000,0.000,0.000,"",
95.463,Right,-3.795,-0.279,-1.239,0.000,1.000,0.000,0.000,0.000,0.000,0.000,0.000,0.000,0.000,"",
95.491,Right,-3.795,-0.279,-1.239,0.000,1.000,0.000,0.000,0.000,0.000,0.000,0.000,0.000,0.000,"",
95.517,Right,-3.795,-0.279,-1.239,0.000,1.000,0.000,0.000,0.000,0.000,0.000,0.000,0.000,0.000,"",
95.545,Right,-3.795,-0.279,-1.239,0.000,1.000,0.000,0.000,0.000,0.000,0.000,0.000,0.000,0.000,"",
95.574,Right,-3.795,-0.279,-1.239,0.000,1.000,0.000,0.000,0.000,0.000,0.000,0.000,0.000,0.000,"",
95.600,Right,-3.795,-0.279,-1.239,0.000,1.000,0.000,0.000,0.000,0.000,0.000,0.000,0.000,0.000,"",
95.630,Right,-3.795,-0.279,-1.239,0.000,1.000,0.000,0.000,0.000,0.000,0.000,0.000,0.000,0.000,"",
95.670,Right,-3.795,-0.279,-1.239,0.000,1.000,0.000,0.000,0.000,0.000,0.000,0.000,0.000,0.000,"",
95.701,Right,-3.795,-0.279,-1.239,0.000,1.000,0.000,0.000,0.000,0.000,0.000,0.000,0.000,0.000,"",
95.728,Right,-3.795,-0.279,-1.239,0.000,1.000,0.000,0.000,0.000,0.000,0.000,0.000,0.000,0.000,"",
95.755,Right,-3.795,-0.279,-1.239,0.000,1.000,0.000,0.000,0.000,0.000,0.000,0.000,0.000,0.000,"",
95.781,Right,-3.795,-0.279,-1.239,0.000,1.000,0.000,0.000,0.000,0.000,0.000,0.000,0.000,0.000,"",
95.893,Right,-3.795,-0.279,-1.239,0.000,1.000,0.000,0.000,0.000,0.000,0.000,0.000,0.000,0.000,"",
